1 0.68888889 0.33972603 0.06017094 0.07671233
1 0.18017094 0.03013699 0.09299145 0.06027397
1 0.36615385 0.35616438 0.07111111 0.09863014
1 0.38803419 0.71780822 0.28444444 0.16438356
1 0.93743590 0.34520548 0.12512821 0.18082192
1 0.61230769 0.02054795 0.10940171 0.04109589
1 0.31145299 0.03835616 0.16410256 0.07671233
1 0.52478632 0.34520548 0.13675214 0.10410959
1 0.24581197 0.36164384 0.11487179 0.13698630
1 0.05982906 0.73424658 0.10393162 0.10958904
1 0.67794872 0.70136986 0.22427350 0.18082192
