1 0.08615385 0.84109589 0.06564103 0.07671233
1 0.44717949 0.85205479 0.10940171 0.09863014
1 0.56752137 0.85753425 0.07111111 0.08767123
1 0.18461538 0.84109589 0.06017094 0.08767123
1 0.61128205 0.51232877 0.07111111 0.08767123
1 0.95589744 0.50684932 0.07658120 0.09863014
1 0.70974359 0.51232877 0.07658120 0.09863014
1 0.11350427 0.50684932 0.11487179 0.09863014
1 0.30495726 0.85753425 0.07111111 0.09863014
1 0.83555556 0.50136986 0.07111111 0.10958904
1 0.84102564 0.84657534 0.10393162 0.11506849
1 0.28307692 0.51780822 0.05470085 0.07671233
1 0.44717949 0.50684932 0.14222222 0.10958904
