1 0.87589744 0.89863014 0.05470085 0.06027397
1 0.96888889 0.89315068 0.06017094 0.09863014
1 0.40000000 0.88219178 0.05470085 0.05479452
1 0.52034188 0.88767123 0.07658120 0.08219178
1 0.71726496 0.14794521 0.10393162 0.10958904
1 0.27418803 0.12602740 0.19145299 0.12054795
1 0.89777778 0.14246575 0.15316239 0.13150685
1 0.47111111 0.50958904 0.17504274 0.11506849
1 0.80478632 0.51506849 0.24068376 0.15342466
1 0.09914530 0.87671233 0.14769231 0.14246575
1 0.04410256 0.49315068 0.08820513 0.12054795
