0 0.15299435 0.80136679 0.07008711 0.06392986
0 0.36410289 0.85159890 0.08546987 0.08675945
0 0.50598553 0.98173545 0.06837869 0.03652910
0 0.55213380 0.69064153 0.05469735 0.07077523
0 0.88547118 0.73173479 0.06495486 0.06620932
0 0.94359237 0.91552175 0.05469735 0.05936395
0 0.50513132 0.33675836 0.08717828 0.07990707
0 0.49999907 0.47146345 0.04273843 0.05251156
0 0.59999748 0.33333567 0.07179553 0.07762762
0 0.95128025 0.19177819 0.07008711 0.07306170
0 0.96324617 0.57876603 0.05298894 0.04794564
