1 0.34427350 0.36986301 0.05470085 0.06027397
1 0.51384615 0.04657534 0.04923077 0.07123288
1 0.59042735 0.05205479 0.09846154 0.09863014
1 0.03264957 0.75342466 0.06529915 0.09315068
1 0.41538462 0.78082192 0.06564103 0.07123288
1 0.07623932 0.03013699 0.07658120 0.06027397
1 0.32239316 0.03972603 0.07658120 0.07945205
1 0.74905983 0.05753425 0.07111111 0.07671233
1 0.14735043 0.78082192 0.07658120 0.10410959
1 0.74905983 0.39726027 0.07658120 0.09863014
1 0.68888889 0.80821918 0.10393162 0.12054795
1 0.97162393 0.07397260 0.05675214 0.09315068
1 0.21299145 0.37534247 0.12034188 0.12054795
1 0.20752137 0.03561644 0.08205128 0.07123288
1 0.51931624 0.39178082 0.10940171 0.10410959
