1 0.610256 0.754566 0.085470 0.107306
1 0.082051 0.727169 0.160684 0.098174
1 0.633333 0.075342 0.121368 0.100457
1 0.255556 0.388128 0.377778 0.114155
1 0.288889 0.060502 0.345299 0.116438
1 0.040171 0.050228 0.076923 0.095890
1 0.857265 0.086758 0.104274 0.109589
1 0.622222 0.409817 0.229060 0.125571
1 0.857265 0.421233 0.066667 0.116438
1 0.984615 0.437215 0.030769 0.116438
1 0.256410 0.738584 0.109402 0.089041
1 0.888889 0.771689 0.222222 0.109589
1 0.019658 0.393836 0.035897 0.121005
1 0.376068 0.748858 0.054701 0.109589
