1 0.32581197 0.18082192 0.06017094 0.07123288
1 0.20000000 0.16986301 0.08205128 0.08219178
1 0.42427350 0.17534247 0.07111111 0.08767123
1 0.08495726 0.86027397 0.16991453 0.10958904
1 0.69230769 0.89863014 0.07658120 0.09863014
1 0.88923077 0.90410959 0.10393162 0.13698630
1 0.60478632 0.19178082 0.22974359 0.11506849
1 0.45162393 0.88219178 0.35008547 0.12602740
1 0.86188034 0.20821918 0.15316239 0.13150685
1 0.19452991 0.87123288 0.02735043 0.04383562
1 0.23829060 0.87123288 0.02735043 0.04931507
