0 0.55316239 0.15890411 0.08205128 0.10958904
0 0.58051282 0.70136986 0.07658120 0.07671233
0 0.30153846 0.52602740 0.04376068 0.07671233
0 0.04444444 0.61917808 0.04376068 0.05479452
0 0.88136752 0.60273973 0.06017094 0.08219178
0 0.53675214 0.90410959 0.04376068 0.05479452
0 0.94700855 0.45479452 0.08205128 0.08219178
0 0.53675214 0.47123288 0.03829060 0.04931507
0 0.68991453 0.63013699 0.10393162 0.11506849
0 0.34529915 0.77808219 0.06017094 0.07123288
0 0.84854701 0.78904110 0.07111111 0.08767123
0 0.94700855 0.19726027 0.07111111 0.10410959
0 0.09367521 0.79452055 0.03282051 0.04931507
0 0.56410256 0.04109589 0.06564103 0.08219178
0 0.58598291 0.19726027 0.12034188 0.15890411
0 0.72273504 0.47123288 0.06564103 0.09315068
0 0.30700855 0.40000000 0.06564103 0.08219178
0 0.02358974 0.10958904 0.04717949 0.12602740
0 0.45470085 0.06438356 0.09846154 0.12876712
0 0.24136752 0.02876712 0.06564103 0.05753425
0 0.13196581 0.27397260 0.08205128 0.16438356
