1 0.78974359 0.25205479 0.27350427 0.12054795
1 0.42871795 0.17534247 0.07111111 0.12054795
1 0.59282051 0.21917808 0.11487179 0.12054795
1 0.28649573 0.15890411 0.10940171 0.14794521
1 0.34119658 0.52054795 0.14222222 0.12602740
1 0.27555556 0.87671233 0.28444444 0.13698630
1 0.04341880 0.81643836 0.08683761 0.14794521
1 0.60923077 0.58082192 0.13128205 0.14794521
1 0.09811966 0.10958904 0.19623932 0.16986301
1 0.97418803 0.69589041 0.05162393 0.14794521
1 0.16068376 0.47671233 0.16957265 0.13698630
1 0.65299145 0.95205479 0.14222222 0.09589041
1 0.86632479 0.97123288 0.19692308 0.05753425
1 0.99059829 0.33424658 0.01880342 0.13698630
1 0.01880342 0.41643836 0.03760684 0.16438356
