1 0.196581 0.678082 0.382906 0.132420
1 0.037607 0.321918 0.071795 0.127854
1 0.081197 0.968037 0.097436 0.059361
1 0.190598 0.366438 0.131624 0.102740
1 0.835897 0.712329 0.092308 0.109589
1 0.982906 0.744292 0.030769 0.109589
1 0.168376 0.023973 0.076923 0.043379
1 0.475214 0.350457 0.143590 0.121005
1 0.710256 0.057078 0.353846 0.109589
1 0.491453 0.689498 0.141880 0.127854
1 0.349573 0.974886 0.377778 0.050228
1 0.961538 0.075342 0.076923 0.109589
1 0.671795 0.711187 0.181197 0.130137
1 0.688034 0.376712 0.152137 0.136986
1 0.349573 0.036530 0.176068 0.068493
