0 0.87094034 0.80136679 0.12136763 0.11872088
0 0.89060114 0.66210279 0.13675039 0.11415496
0 0.91709560 0.04109808 0.11452696 0.08219616
0 0.22307917 0.58447430 0.28889053 0.83105140
0 0.38034456 0.24086707 0.06324644 0.13470510
0 0.61538494 0.46118838 0.08546987 0.06392986
0 0.61709336 0.62785490 0.05128052 0.18265074
0 0.03076961 0.05708011 0.06153923 0.08675945
0 0.88205205 0.53767277 0.12991672 0.11187551
0 0.97948816 0.53652953 0.04102367 0.15981414
0 0.57179230 0.22831255 0.26495869 0.18721666
0 0.46496022 0.44749063 0.06153802 0.12328679
0 0.18547298 0.03653041 0.09401895 0.07306082
0 0.39999836 0.06735036 0.06153802 0.13470071
