1 0.39931624 0.63013699 0.14769231 0.09863014
1 0.82598291 0.67397260 0.12581197 0.09863014
1 0.81504274 0.02191781 0.08752137 0.04383562
1 0.59623932 0.65205479 0.15863248 0.10410959
1 0.27897436 0.01917808 0.49777778 0.03835616
1 0.71658120 0.33424658 0.47589744 0.09315068
1 0.69470085 0.98082192 0.49777778 0.03835616
1 0.33367521 0.97945205 0.10940171 0.04109589
1 0.06017094 0.64109589 0.12034188 0.04931507
1 0.22427350 0.64109589 0.09846154 0.06575342
1 0.35555556 0.30136986 0.13128205 0.08219178
1 0.62358974 0.01506849 0.16410256 0.03013699
