1 0.80410256 0.01232877 0.19692308 0.02465753
1 0.53606838 0.30410959 0.10393162 0.12054795
1 0.38837607 0.29315068 0.16410256 0.12602740
1 0.21333333 0.28767123 0.10940171 0.13698630
1 0.12034188 0.68219178 0.11487179 0.08767123
1 0.97589744 0.34246575 0.04820513 0.12054795
1 0.72205128 0.30410959 0.20786325 0.15342466
1 0.97179487 0.73698630 0.05641026 0.12602740
1 0.18051282 0.99589041 0.16410256 0.00821918
1 0.43760684 0.71506849 0.22427350 0.14794521
1 0.78222222 0.72054795 0.27350427 0.13698630
1 0.90256410 0.30958904 0.06564103 0.11506849
1 0.26256410 0.69315068 0.08205128 0.09315068
