1 0.88341880 0.15342466 0.23316239 0.14246575
1 0.96820513 0.84383562 0.06358974 0.11506849
1 0.11811966 0.81643836 0.23623932 0.14246575
1 0.76136752 0.80547945 0.22427350 0.12602740
1 0.58085470 0.15342466 0.29538462 0.10958904
1 0.07982906 0.13150685 0.15965812 0.11506849
1 0.51521368 0.49315068 0.25162393 0.10410959
1 0.14957265 0.47671233 0.29914530 0.11506849
1 0.76136752 0.48767123 0.10940171 0.13150685
1 0.23076923 0.14246575 0.09299145 0.13698630
1 0.52068376 0.83287671 0.12034188 0.06027397
1 0.94735043 0.49315068 0.08205128 0.10958904
