1 0.68786325 0.18082192 0.13128205 0.14246575
1 0.43076923 0.92876712 0.29538462 0.14246575
1 0.01025641 0.29041096 0.02051282 0.09863014
1 0.22837607 0.60273973 0.19692308 0.16986301
1 0.50735043 0.58630137 0.13128205 0.14794521
1 0.79726496 0.52602740 0.15863248 0.17534247
1 0.80820513 0.91917808 0.34461538 0.16164384
1 0.96017094 0.50410959 0.07965812 0.17534247
1 0.87948718 0.12054795 0.24102564 0.16438356
1 0.02393162 0.63561644 0.04786325 0.17534247
1 0.20649573 0.22465753 0.28444444 0.21917808
