1 0.06341880 0.36164384 0.12683761 0.12602740
1 0.62461538 0.06575342 0.07111111 0.08219178
1 0.74495726 0.75616438 0.23521368 0.14794521
1 0.91452991 0.07123288 0.07658120 0.10410959
1 0.99008547 0.07671233 0.01982906 0.08219178
1 0.45504274 0.71780822 0.08205128 0.10410959
1 0.22529915 0.39452055 0.17504274 0.15342466
1 0.04700855 0.69041096 0.09401709 0.16438356
1 0.46051282 0.40547945 0.14769231 0.12054795
1 0.20888889 0.71232877 0.14222222 0.16438356
1 0.76683761 0.42739726 0.17504274 0.15342466
