1 0.10153846 0.69315068 0.04376068 0.07123288
1 0.31487179 0.68219178 0.06017094 0.07123288
1 0.79076923 0.66575342 0.18051282 0.08219178
1 0.82358974 0.30410959 0.07111111 0.08219178
1 0.07418803 0.34246575 0.07658120 0.08219178
1 0.96034188 0.66027397 0.07658120 0.09315068
1 0.56649573 0.32054795 0.07111111 0.10958904
1 0.16170940 0.33698630 0.04923077 0.09315068
1 0.24376068 0.33150685 0.06564103 0.07671233
1 0.32581197 0.33150685 0.05470085 0.09315068
1 0.48991453 0.68219178 0.14769231 0.09315068
1 0.69777778 0.30958904 0.08752137 0.13150685
