1 0.01059829 0.50684932 0.02119658 0.08219178
1 0.94290598 0.04657534 0.04923077 0.09315068
1 0.99880342 0.06301370 0.00239316 0.12602740
1 0.01196581 0.13972603 0.02393162 0.10958904
1 0.75145299 0.33698630 0.07111111 0.09315068
1 0.74051282 0.69863014 0.05470085 0.08219178
1 0.11145299 0.17808219 0.09299145 0.10958904
1 0.03384615 0.86849315 0.06769231 0.10410959
1 0.99059829 0.41369863 0.01880342 0.08219178
1 0.89914530 0.37534247 0.06564103 0.08767123
1 0.51076923 0.26575342 0.25162393 0.13150685
1 0.83350427 0.03287671 0.08205128 0.06575342
1 0.90461538 0.74246575 0.07658120 0.09863014
1 0.31384615 0.59452055 0.12034188 0.12602740
1 0.74598291 0.99315068 0.13128205 0.01369863
1 0.57641026 0.66575342 0.12034188 0.10410959
