0 0.93675148 0.66781107 0.12649704 0.23059638
0 0.93247836 0.14269545 0.06666328 0.06164340
0 0.97435558 0.07762236 0.05128052 0.08219353
0 0.88461467 0.04223912 0.08376145 0.08447825
0 0.81795140 0.70319518 0.10085262 0.26027134
0 0.66495705 0.81620690 0.10256104 0.08903890
0 0.87778101 0.36871890 0.07692078 0.16666652
0 0.91025493 0.51597852 0.05641277 0.05022510
0 0.87863521 0.20433885 0.03418935 0.04337973
0 0.63333032 0.92465973 0.16923132 0.11415496
0 0.64187941 0.42237370 0.09743579 0.11872088
0 0.64529625 0.58904022 0.08376145 0.07762762
0 0.78888730 0.07762236 0.03589776 0.04109326
