1 0.08273504 0.57808219 0.16547009 0.12054795
1 0.75897436 0.65479452 0.20239316 0.13150685
1 0.48000000 0.62191781 0.13675214 0.14794521
1 0.01435897 0.90136986 0.02871795 0.10410959
1 0.35965812 0.27671233 0.09299145 0.13150685
1 0.61675214 0.29315068 0.17504274 0.14794521
1 0.12991453 0.24383562 0.24615385 0.15342466
1 0.95042735 0.97123288 0.09846154 0.05753425
1 0.86854701 0.32602740 0.26290598 0.15890411
1 0.29948718 0.61095890 0.18598291 0.18630137
1 0.15726496 0.92876712 0.07658120 0.09315068
1 0.25572650 0.94520548 0.07111111 0.09863014
1 0.59487179 0.94931507 0.54700855 0.10136986
