1 0.038462 0.289954 0.073504 0.086758
1 0.331624 0.650685 0.099145 0.082192
1 0.468376 0.650685 0.064957 0.100457
1 0.682051 0.673516 0.082051 0.109589
1 0.894872 0.684932 0.087179 0.109589
1 0.643590 0.966895 0.196581 0.066210
1 0.850427 0.979452 0.152137 0.041096
1 0.023932 0.953196 0.044444 0.093607
1 0.177778 0.958904 0.201709 0.082192
1 0.447009 0.972603 0.169231 0.054795
1 0.479487 0.344749 0.158974 0.109589
1 0.161538 0.321918 0.059829 0.109589
1 0.270940 0.327626 0.094017 0.093607
1 0.730769 0.343607 0.094017 0.098174
1 0.033333 0.623288 0.059829 0.082192
1 0.121368 0.630137 0.041026 0.054795
1 0.930769 0.360731 0.138462 0.077626
