1 0.36957265 0.05205479 0.24615385 0.10410959
1 0.65948718 0.39178082 0.06564103 0.07671233
1 0.82905983 0.36438356 0.15316239 0.09863014
1 0.25470085 0.76986301 0.07658120 0.09863014
1 0.45709402 0.75890411 0.04376068 0.09315068
1 0.52273504 0.75890411 0.05470085 0.09315068
1 0.62666667 0.73698630 0.08205128 0.09863014
1 0.36957265 0.76438356 0.07111111 0.09863014
1 0.34769231 0.40273973 0.19692308 0.14794521
1 0.06581197 0.09041096 0.13162393 0.10958904
1 0.81264957 0.72602740 0.16410256 0.11506849
1 0.08769231 0.79726027 0.17538462 0.11506849
