1 0.311111 0.448630 0.054701 0.075342
1 0.415385 0.793379 0.054701 0.075342
1 0.229915 0.098174 0.080342 0.082192
1 0.858974 0.843607 0.042735 0.070776
1 0.601709 0.815068 0.064957 0.086758
0 0.288889 0.853881 0.102564 0.127854
1 0.421368 0.463470 0.066667 0.082192
1 0.208547 0.748858 0.082051 0.141553
1 0.476068 0.130137 0.104274 0.091324
1 0.033333 0.744292 0.063248 0.109589
1 0.050427 0.111872 0.097436 0.109589
1 0.820513 0.497717 0.054701 0.073059
1 0.711111 0.174658 0.075214 0.102740
1 0.799145 0.168950 0.070085 0.077626
