1 0.41641026 0.58356164 0.17504274 0.08219178
1 0.05538462 0.18904110 0.08205128 0.10958904
1 0.70085470 0.26575342 0.15316239 0.09863014
1 0.35076923 0.23835616 0.14222222 0.10958904
1 0.27418803 0.91780822 0.27350427 0.09863014
1 0.48752137 0.93972603 0.08205128 0.07123288
1 0.60786325 0.93972603 0.10393162 0.07671233
1 0.23589744 0.57260274 0.08752137 0.07123288
1 0.18119658 0.22739726 0.07111111 0.07123288
1 0.56410256 0.60547945 0.09299145 0.07123288
1 0.68444444 0.60000000 0.06017094 0.06027397
1 0.91965812 0.62739726 0.08205128 0.06575342
1 0.93606838 0.29863014 0.07111111 0.09315068
1 0.50940171 0.24931507 0.04376068 0.07671233
1 0.79931624 0.96712329 0.06017094 0.06027397
