1 0.55863248 0.88219178 0.06564103 0.07123288
1 0.89230769 0.62465753 0.07658120 0.05479452
1 0.30153846 0.83835616 0.04376068 0.04931507
1 0.41641026 0.85479452 0.05470085 0.06575342
1 0.14837607 0.42191781 0.06017094 0.06575342
1 0.23042735 0.08219178 0.06564103 0.07123288
1 0.59692308 0.88219178 0.05470085 0.07123288
1 0.82666667 0.95890411 0.06017094 0.07671233
1 0.50940171 0.87671233 0.05470085 0.06575342
1 0.59145299 0.53698630 0.07658120 0.07123288
1 0.47111111 0.14246575 0.09846154 0.07123288
1 0.75008547 0.20821918 0.06564103 0.09863014
1 0.02358974 0.38356164 0.04717949 0.07671233
1 0.41641026 0.49315068 0.08205128 0.09315068
