1 0.74478632 0.04931507 0.51042735 0.09863014
1 0.40478632 0.02739726 0.20786325 0.05479452
1 0.59076923 0.76438356 0.13675214 0.13698630
1 0.16410256 0.02602740 0.28444444 0.05205479
1 0.77675214 0.78082192 0.22427350 0.13698630
1 0.41572650 0.76438356 0.19145299 0.14794521
1 0.15863248 0.75890411 0.27350427 0.14794521
1 0.59623932 0.36438356 0.25162393 0.15342466
1 0.89931624 0.39178082 0.20136752 0.15890411
1 0.23521368 0.36986301 0.32820513 0.16986301
1 0.96769231 0.77534247 0.06461538 0.15890411
