1 0.63008547 0.64931507 0.07111111 0.07671233
1 0.11589744 0.52876712 0.09299145 0.10958904
1 0.42769231 0.56712329 0.06017094 0.07123288
1 0.01145299 0.10684932 0.02290598 0.09863014
1 0.84888889 0.99863014 0.09299145 0.00273973
1 0.32376068 0.93972603 0.09299145 0.10410959
1 0.25811966 0.53424658 0.08752137 0.11506849
1 0.58085470 0.25479452 0.07111111 0.09315068
1 0.47692308 0.21095890 0.07111111 0.12054795
1 0.52068376 0.95479452 0.12034188 0.09041096
1 0.25264957 0.15616438 0.10940171 0.14246575
1 0.66290598 0.96027397 0.12034188 0.07945205
1 0.04478632 0.89589041 0.07111111 0.12054795
