1 0.52376068 0.38082192 0.09846154 0.10958904
1 0.14085470 0.96438356 0.09299145 0.07123288
1 0.52923077 0.03972603 0.08205128 0.07945205
1 0.69333333 0.43013699 0.07658120 0.12054795
1 0.28854701 0.99041096 0.11487179 0.01917808
1 0.86290598 0.09589041 0.09846154 0.12054795
1 0.70974359 0.06027397 0.09846154 0.12054795
1 0.95606838 0.50136986 0.08786325 0.15342466
1 0.26119658 0.00547945 0.30632479 0.01095890
1 0.58393162 0.75890411 0.12034188 0.14794521
1 0.15726496 0.29315068 0.11487179 0.13698630
1 0.16820513 0.66575342 0.12581197 0.17534247
