1 0.07863248 0.97534247 0.13128205 0.04931507
1 0.77880342 0.69315068 0.25709402 0.13698630
1 0.13880342 0.68219178 0.20786325 0.13150685
1 0.50529915 0.96712329 0.69470085 0.06575342
1 0.70769231 0.33698630 0.43213675 0.14246575
1 0.20752137 0.03561644 0.41504274 0.07123288
1 0.58735043 0.03561644 0.24068376 0.07123288
1 0.26461538 0.34794521 0.36649573 0.15890411
1 0.86888889 0.03424658 0.26222222 0.06849315
1 0.31931624 0.73150685 0.06564103 0.14246575
1 0.44512821 0.70958904 0.11487179 0.11506849
1 0.59282051 0.72054795 0.11487179 0.16986301
