1 0.13247748 0.40639299 0.22051184 0.12785271
1 0.44102881 0.44977271 0.21196275 0.14155047
1 0.63760881 0.46347047 0.16068223 0.11872088
1 0.85641223 0.47945468 0.08546987 0.10045721
1 0.96581229 0.48287737 0.06837541 0.13470510
1 0.07521493 0.71347375 0.15042987 0.12100734
1 0.26239420 0.75114433 0.12478446 0.14155047
1 0.38119921 0.74543518 0.06153802 0.07990707
1 0.60769050 0.75342378 0.19657999 0.13698455
1 0.82051446 0.78881490 0.10598488 0.07990707
1 0.95640900 0.79908997 0.08718200 0.12785271
