1 0.02666667 0.17260274 0.05333333 0.13698630
1 0.00888889 0.57808219 0.01777778 0.13698630
1 0.09162393 0.95342466 0.15316239 0.09315068
1 0.49641026 0.72602740 0.08752137 0.12054795
1 0.80273504 0.78630137 0.09299145 0.12054795
1 0.44170940 0.31506849 0.09299145 0.12054795
1 0.95606838 0.85205479 0.08786325 0.12602740
1 0.56752137 0.34794521 0.08205128 0.10410959
1 0.31589744 0.65479452 0.09846154 0.13698630
1 0.81914530 0.03972603 0.12581197 0.07945205
1 0.48547009 0.00410959 0.09299145 0.00821918
1 0.63863248 0.01232877 0.11487179 0.02465753
1 0.77538462 0.40821918 0.14222222 0.11506849
1 0.15179487 0.23287671 0.12581197 0.13150685
1 0.35965812 0.99041096 0.16410256 0.01917808
1 0.15726496 0.62739726 0.17504274 0.14246575
1 0.64957265 0.75342466 0.16957265 0.13150685
