1 0.77675214 0.64931507 0.07658120 0.09315068
1 0.93623932 0.96712329 0.12752137 0.06575342
1 0.03829060 0.31506849 0.06017094 0.07123288
1 0.06564103 0.69863014 0.10393162 0.10958904
1 0.62358974 0.27123288 0.08752137 0.08767123
1 0.94444444 0.62739726 0.11111111 0.11506849
1 0.31726496 0.67671233 0.25162393 0.09863014
1 0.25162393 0.30958904 0.11487179 0.08767123
1 0.79863248 0.28219178 0.09846154 0.13150685
1 0.76581197 0.96712329 0.13128205 0.06575342
0 0.07658120 0.94520548 0.15316239 0.10958904
1 0.60717949 0.66575342 0.21333333 0.13698630
