1 0.21196581 0.52602740 0.06017094 0.08219178
1 0.98068376 0.17534247 0.03863248 0.09315068
1 0.38153846 0.52602740 0.18051282 0.11506849
1 0.74256410 0.88767123 0.07658120 0.10410959
1 0.09162393 0.50958904 0.08752137 0.11506849
1 0.54564103 0.52602740 0.09846154 0.10958904
1 0.39794872 0.87123288 0.15863248 0.09863014
1 0.84649573 0.17534247 0.15316239 0.11506849
1 0.66598291 0.16438356 0.10393162 0.10958904
1 0.09709402 0.85479452 0.09299145 0.11506849
1 0.20649573 0.87671233 0.14222222 0.13150685
1 0.67145299 0.52602740 0.09846154 0.10958904
1 0.86290598 0.51506849 0.08752137 0.12054795
1 0.58393162 0.87671233 0.12034188 0.11506849
1 0.45811966 0.15890411 0.09846154 0.12602740
1 0.98341880 0.50958904 0.03316239 0.12054795
1 0.06495726 0.16438356 0.12991453 0.12054795
1 0.90547009 0.86575342 0.18905983 0.09863014
1 0.29948718 0.15890411 0.18051282 0.13150685
