1 0.97299145 0.46301370 0.05401709 0.10410959
1 0.14188034 0.53972603 0.07111111 0.07671233
1 0.80376068 0.12328767 0.06564103 0.10410959
1 0.92957265 0.10684932 0.09299145 0.10410959
1 0.39350427 0.89589041 0.06564103 0.09863014
1 0.89128205 0.48493151 0.07111111 0.10958904
1 0.76547009 0.48493151 0.07658120 0.11506849
1 0.96752137 0.85753425 0.06495726 0.11506849
1 0.19111111 0.15068493 0.09846154 0.13698630
1 0.38803419 0.14520548 0.13675214 0.11506849
1 0.03675214 0.93424658 0.07350427 0.12602740
1 0.03401709 0.16164384 0.06803419 0.15342466
