1 0.53264957 0.69041096 0.07111111 0.08219178
1 0.74051282 0.02328767 0.22974359 0.04657534
1 0.62564103 0.33972603 0.23521368 0.12054795
1 0.28649573 0.34520548 0.31726496 0.11506849
1 0.50529915 0.02191781 0.13128205 0.04383562
1 0.13230769 0.03698630 0.26461538 0.07397260
1 0.04205128 0.35068493 0.08410256 0.13698630
1 0.96735043 0.02602740 0.06529915 0.05205479
1 0.85538462 0.70684932 0.17504274 0.09863014
1 0.12273504 0.71232877 0.24547009 0.08767123
1 0.70222222 0.69041096 0.06017094 0.06575342
1 0.31931624 0.02191781 0.05470085 0.04383562
