1 0.714530 0.492009 0.071795 0.130137
1 0.877778 0.699772 0.076923 0.089041
1 0.933333 0.502283 0.054701 0.082192
1 0.741880 0.305936 0.174359 0.086758
1 0.711111 0.884703 0.092308 0.070776
1 0.637607 0.689498 0.071795 0.082192
1 0.310256 0.898402 0.076923 0.098174
1 0.376068 0.098174 0.218803 0.114155
1 0.030769 0.885845 0.058120 0.114155
1 0.489744 0.683790 0.076923 0.121005
1 0.315385 0.995434 0.176068 0.009132
1 0.479487 0.470320 0.114530 0.127854
1 0.101709 0.644977 0.141880 0.116438
1 0.172650 0.880137 0.153846 0.148402
1 0.138462 0.247717 0.044444 0.079909
1 0.823077 0.496575 0.056410 0.057078
