1 0.75692308 0.55616438 0.09846154 0.13150685
1 0.03487179 0.82465753 0.04923077 0.06027397
1 0.47794872 0.54520548 0.05470085 0.09315068
1 0.49982906 0.86849315 0.19692308 0.14246575
1 0.37401709 0.21095890 0.06564103 0.09315068
1 0.59282051 0.20547945 0.08752137 0.11506849
1 0.87179487 0.56164384 0.14769231 0.16986301
1 0.47247863 0.21095890 0.08752137 0.12054795
1 0.58735043 0.55616438 0.10940171 0.14246575
1 0.82512821 0.90684932 0.34974359 0.18082192
1 0.83897436 0.24383562 0.23521368 0.16986301
1 0.29196581 0.51780822 0.12581197 0.12602740
1 0.20991453 0.84657534 0.18598291 0.10410959
