1 0.96341880 0.91232877 0.07111111 0.12054795
1 0.32341880 0.51780822 0.36649573 0.13698630
1 0.10700855 0.17808219 0.21401709 0.12602740
1 0.72273504 0.21095890 0.49230769 0.13698630
1 0.03726496 0.49589041 0.07452991 0.12054795
1 0.04991453 0.83013699 0.09846154 0.10410959
1 0.24136752 0.85753425 0.12581197 0.12054795
1 0.43282051 0.84109589 0.14769231 0.15890411
1 0.85401709 0.54520548 0.26803419 0.15342466
1 0.78290598 0.87397260 0.08752137 0.11506849
1 0.28512821 0.19452055 0.09299145 0.10958904
1 0.40547009 0.19452055 0.07658120 0.09315068
1 0.62427350 0.55068493 0.08205128 0.10410959
