0 0.34444494 0.49087036 0.09743579 0.28767386
0 0.30256071 0.05251112 0.09572737 0.10502225
0 0.34444494 0.14611901 0.11452696 0.08219353
0 0.05470020 0.69520745 0.04444685 0.18036427
0 0.20512492 0.35616526 0.11965921 0.08675945
0 0.19315900 0.15867573 0.12649288 0.31735145
0 0.02649414 0.27739441 0.05298828 0.09817074
0 0.42820639 0.40867682 0.06666328 0.09589129
0 0.45640927 0.61986630 0.08546987 0.08903890
0 0.27692045 0.82077370 0.13675039 0.23972822
0 0.25897507 0.54109545 0.07008711 0.21004625
0 0.14358690 0.86415342 0.07179553 0.07990707
0 0.19402021 0.57762279 0.05641277 0.20548033
0 0.29743546 0.27625819 0.05469735 0.12785271
0 0.37948849 0.28995595 0.05469735 0.08219353
0 0.13333640 0.62100252 0.05469735 0.10502312
0 0.15299019 0.72602564 0.09743579 0.05936395
0 0.09829284 0.98287693 0.09743579 0.03424614
0 0.41965730 0.84018060 0.08034462 0.05479101
0 0.02222310 0.53652953 0.04444619 0.15981414
