1 0.81709402 0.79726027 0.07111111 0.09863014
1 0.36854701 0.09589041 0.10940171 0.13150685
1 0.69128205 0.78630137 0.09846154 0.09863014
1 0.93726496 0.80821918 0.12547009 0.11506849
1 0.92649573 0.16164384 0.09299145 0.12054795
1 0.70222222 0.11232877 0.24615385 0.11506849
1 0.31384615 0.43561644 0.29538462 0.11506849
1 0.55452991 0.77534247 0.11487179 0.09863014
1 0.10632479 0.07945205 0.21264957 0.12602740
1 0.82256410 0.47945205 0.13128205 0.12054795
1 0.26461538 0.75342466 0.12581197 0.12602740
1 0.08410256 0.41369863 0.08205128 0.10958904
1 0.07350427 0.73698630 0.14700855 0.13150685
1 0.48341880 0.09041096 0.06017094 0.10958904
