1 0.552991 0.762557 0.076923 0.073059
1 0.821368 0.768265 0.076923 0.089041
1 0.203419 0.078767 0.061538 0.070776
1 0.307692 0.073059 0.071795 0.086758
1 0.035897 0.768265 0.068376 0.098174
1 0.213675 0.767123 0.075214 0.082192
1 0.236752 0.417808 0.066667 0.082192
1 0.685470 0.762557 0.064957 0.086758
1 0.423932 0.440639 0.071795 0.091324
1 0.691453 0.086758 0.076923 0.086758
1 0.771795 0.407534 0.087179 0.121005
1 0.372650 0.763699 0.136752 0.066210
1 0.584615 0.426941 0.061538 0.068493
1 0.082906 0.420091 0.063248 0.068493
1 0.886325 0.426941 0.046154 0.050228
1 0.023932 0.095890 0.044444 0.050228
1 0.890598 0.098174 0.047863 0.050228
