0 0.72820513 0.90136986 0.04923077 0.06027397
0 0.85948718 0.90136986 0.05470085 0.08219178
0 0.61880342 0.91780822 0.06017094 0.07123288
0 0.05538462 0.96164384 0.04923077 0.06575342
0 0.25230769 0.86849315 0.06017094 0.06575342
0 0.29606838 0.62739726 0.07111111 0.09315068
0 0.04991453 0.81369863 0.04376068 0.05479452
0 0.61880342 0.67123288 0.05470085 0.09315068
0 0.47658120 0.96712329 0.06017094 0.06575342
0 0.89777778 0.71506849 0.09846154 0.10410959
0 0.49299145 0.56164384 0.06017094 0.08219178
