1 0.14837607 0.93698630 0.08205128 0.09315068
1 0.94700855 0.48219178 0.06017094 0.04931507
1 0.41094017 0.91506849 0.19145299 0.12602740
1 0.12102564 0.53150685 0.07658120 0.08767123
1 0.04410256 0.93150685 0.08820513 0.13150685
1 0.09367521 0.16986301 0.07658120 0.06575342
1 0.25777778 0.53150685 0.13128205 0.09863014
1 0.94153846 0.87671233 0.10940171 0.12054795
1 0.31247863 0.16438356 0.10940171 0.10410959
1 0.50940171 0.52054795 0.13128205 0.12602740
1 0.62974359 0.14246575 0.23521368 0.11506849
1 0.90871795 0.10958904 0.14769231 0.13698630
