1 0.49641026 0.68493151 0.06017094 0.07123288
0 0.79179487 0.73424658 0.04376068 0.05479452
0 0.99299145 0.18630137 0.01401709 0.05479452
1 0.68239316 0.67945205 0.04923077 0.07671233
0 0.15726496 0.09315068 0.04376068 0.05479452
0 0.41435897 0.06575342 0.04376068 0.06027397
0 0.53470085 0.43287671 0.04376068 0.05479452
0 0.61675214 0.55342466 0.07658120 0.09863014
0 0.56205128 0.24109589 0.03282051 0.04931507
0 0.33777778 0.12602740 0.04923077 0.05479452
0 0.27760684 0.16438356 0.04376068 0.05479452
0 0.82461538 0.18630137 0.06564103 0.09315068
0 0.68239316 0.13150685 0.04923077 0.06027397
0 0.70974359 0.25205479 0.07658120 0.09315068
