1 0.33675214 0.85753425 0.13128205 0.09863014
1 0.34769231 0.50684932 0.07658120 0.08767123
1 0.51179487 0.16164384 0.08752137 0.10410959
1 0.54461538 0.50684932 0.11487179 0.08219178
1 0.11230769 0.49041096 0.22461538 0.08767123
1 0.08512821 0.15068493 0.13128205 0.11506849
1 0.26564103 0.15616438 0.12034188 0.10958904
1 0.64307692 0.86301370 0.22427350 0.12054795
1 0.91452991 0.17260274 0.17094017 0.12054795
1 0.71418803 0.16164384 0.14769231 0.13150685
1 0.98974359 0.89589041 0.02051282 0.09315068
1 0.85641026 0.87945205 0.20239316 0.14794521
1 0.85641026 0.51780822 0.04376068 0.06027397
1 0.94735043 0.51780822 0.10529915 0.15342466
1 0.13435897 0.86301370 0.23521368 0.10410959
1 0.67042735 0.51780822 0.06564103 0.10958904
1 0.77435897 0.51232877 0.05470085 0.08767123
