1 0.14188220 0.78310663 0.07862920 0.08675945
1 0.27863259 0.81621129 0.10940171 0.06164340
1 0.49231076 0.88812975 0.07521236 0.08219353
1 0.84957298 0.94863079 0.25640960 0.10273841
1 0.05555484 0.02854005 0.11110969 0.05708011
1 0.35983141 0.11187463 0.04957210 0.09132537
1 0.45641299 0.14497929 0.04102302 0.07534115
1 0.54529969 0.17351803 0.06153802 0.08219353
1 0.65299298 0.19749085 0.05812119 0.09360482
1 0.86324732 0.25913425 0.17778040 0.10273666
1 0.98632626 0.27854115 0.02734747 0.11415496
1 0.42051523 0.51712614 0.07521236 0.04794564
1 0.60427509 0.55479671 0.07692078 0.08675945
1 0.75128298 0.60730827 0.08376145 0.09589129
1 0.84701035 0.61644011 0.03589776 0.07306170
1 0.96324863 0.64954477 0.07350274 0.09360482
1 0.01794691 0.73516099 0.03589383 0.07306170
