1 0.55008547 0.88493151 0.08205128 0.15342466
1 0.43521368 0.19452055 0.08205128 0.11506849
1 0.74700855 0.53972603 0.21880342 0.15890411
1 0.95692308 0.51232877 0.08615385 0.17534247
1 0.95829060 0.86301370 0.08341880 0.17534247
1 0.73606838 0.86849315 0.13675214 0.16438356
1 0.35863248 0.91095890 0.27897436 0.17808219
1 0.04529915 0.92328767 0.09059829 0.13150685
1 0.77094017 0.18904110 0.45811966 0.19178082
1 0.43521368 0.55068493 0.17504274 0.19178082
1 0.22735043 0.56712329 0.14769231 0.16986301
