1 0.92410256 0.94657534 0.15179487 0.10684932
1 0.08495726 0.88767123 0.16991453 0.09863014
1 0.57196581 0.24109589 0.22427350 0.12602740
1 0.71965812 0.93150685 0.16410256 0.10410959
1 0.54461538 0.92054795 0.14769231 0.10958904
1 0.30393162 0.90958904 0.18598291 0.11506849
1 0.84547009 0.26849315 0.21880342 0.13150685
1 0.21094017 0.21369863 0.33914530 0.13150685
1 0.53367521 0.59178082 0.42666667 0.13150685
1 0.09589744 0.55342466 0.19179487 0.13698630
1 0.85641026 0.61369863 0.17504274 0.12602740
