1 0.90017094 0.44931507 0.14769231 0.17534247
1 0.62666667 0.37808219 0.09846154 0.13150685
1 0.97470085 0.10410959 0.05059829 0.12054795
1 0.65948718 0.02876712 0.09846154 0.05753425
1 0.87829060 0.81643836 0.06564103 0.10958904
1 0.95487179 0.83835616 0.05470085 0.12602740
1 0.17811966 0.26301370 0.18051282 0.12602740
1 0.75247863 0.41095890 0.07111111 0.10958904
1 0.60478632 0.73972603 0.06017094 0.08219178
1 0.70871795 0.74520548 0.05470085 0.11506849
1 0.06444444 0.95753425 0.12888889 0.08493151
1 0.24376068 0.95890411 0.08205128 0.08219178
