1 0.13777778 0.79452055 0.26803419 0.12602740
1 0.58632479 0.44383562 0.15316239 0.19726027
1 0.64102564 0.13150685 0.25162393 0.14246575
1 0.44410256 0.80000000 0.25162393 0.15890411
1 0.84888889 0.14794521 0.11487179 0.15342466
1 0.85059829 0.49315068 0.29880342 0.16438356
1 0.73401709 0.83287671 0.22974359 0.15342466
1 0.98051282 0.14794521 0.03897436 0.15890411
1 0.19794872 0.44383562 0.20239316 0.12602740
1 0.39487179 0.46027397 0.15863248 0.15890411
1 0.97230769 0.82739726 0.05538462 0.15890411
1 0.24666667 0.10958904 0.49333333 0.16438356
