1 0.390598 0.333333 0.094017 0.109589
1 0.440171 0.022831 0.141880 0.041096
1 0.100855 0.371005 0.109402 0.093607
1 0.127350 0.732877 0.114530 0.082192
1 0.740171 0.705479 0.201709 0.114155
1 0.779487 0.311644 0.109402 0.116438
1 0.122222 0.030822 0.179487 0.057078
1 0.625641 0.321918 0.099145 0.127854
1 0.396581 0.706621 0.174359 0.121005
0 0.921368 0.963470 0.044444 0.073059
0 0.978632 0.842466 0.042735 0.059361
1 0.324786 0.026256 0.071795 0.047945
1 0.921368 0.327626 0.054701 0.116438
1 0.253846 0.371005 0.158974 0.093607
1 0.931624 0.683790 0.082051 0.098174
1 0.512821 0.705479 0.041026 0.068493
1 0.592308 0.696347 0.049573 0.068493
