1 0.97350427 0.19726027 0.05299145 0.12054795
1 0.49846154 0.15890411 0.08752137 0.10410959
1 0.75008547 0.18082192 0.32273504 0.12602740
1 0.21948718 0.54246575 0.08752137 0.10410959
1 0.78837607 0.96849315 0.11487179 0.06301370
1 0.68991453 0.59726027 0.10940171 0.10410959
1 0.16581197 0.92054795 0.33162393 0.14794521
1 0.36717949 0.14246575 0.17504274 0.10958904
1 0.47658120 0.95205479 0.28991453 0.09589041
1 0.93059829 0.61917808 0.12034188 0.12602740
1 0.45470085 0.56986301 0.28991453 0.12602740
1 0.13196581 0.10958904 0.26256410 0.15342466
1 0.02358974 0.51506849 0.04717949 0.15342466
