0 0.06239541 0.50114323 0.12479081 0.99771353
0 0.23504323 0.30251485 0.12136763 0.11644142
0 0.26923257 0.40639474 0.10427646 0.11872088
0 0.42820639 0.16780975 0.27179236 0.17579836
0 0.22051468 0.19406203 0.07521236 0.06392986
0 0.17606783 0.78310751 0.08888670 0.26027134
0 0.24615494 0.66324340 0.04786369 0.05251156
0 0.29231021 0.88013501 0.11624238 0.23059638
0 0.38375954 0.94406488 0.07008711 0.09360482
0 0.40256613 0.86415781 0.04615527 0.07077523
0 0.46410415 0.65182510 0.36751973 0.18949611
0 0.42735218 0.38242192 0.19145474 0.12557326
0 0.61282046 0.35844910 0.14188264 0.15981414
0 0.72136796 0.53082477 0.04786369 0.07534115
0 0.47692428 0.86415781 0.06495486 0.18949611
0 0.55128243 0.50342225 0.07350395 0.07990707
0 0.49486966 0.29337600 0.09059512 0.06620932
0 0.61623729 0.04908888 0.22392867 0.08903890
0 0.75384889 0.27283288 0.08546987 0.12557326
0 0.59230545 0.89611923 0.06666328 0.08447299
0 0.58461757 0.81621216 0.07521236 0.05707748
0 0.23675164 0.55707704 0.05982961 0.10502312
