1 0.49641026 0.19178082 0.11487179 0.10410959
1 0.97247863 0.54246575 0.05504274 0.11506849
1 0.53470085 0.53150685 0.12581197 0.11506849
1 0.79179487 0.18082192 0.18598291 0.09315068
1 0.06427350 0.89863014 0.12581197 0.09863014
1 0.26666667 0.88219178 0.07111111 0.12602740
1 0.35965812 0.89863014 0.04376068 0.08219178
1 0.46905983 0.89315068 0.07111111 0.10410959
1 0.67145299 0.88219178 0.06017094 0.09315068
1 0.82461538 0.89315068 0.05470085 0.09863014
1 0.89572650 0.89315068 0.05470085 0.10410959
1 0.12444444 0.54246575 0.04923077 0.07671233
1 0.30495726 0.19178082 0.14769231 0.08767123
1 0.06427350 0.19726027 0.04923077 0.09863014
1 0.13538462 0.18082192 0.04376068 0.07671233
1 0.86290598 0.52054795 0.04376068 0.09315068
