0 0.15128364 0.98287605 0.07350395 0.03424789
0 0.51709495 0.72717063 0.09401895 0.10273666
0 0.66410284 0.77511627 0.09743579 0.12557326
0 0.67179772 0.59360877 0.09914421 0.11415496
0 0.44615363 0.92351562 0.08888670 0.15296877
0 0.60512744 0.93835485 0.08888670 0.12329030
0 0.52649824 0.98287781 0.06837869 0.03424438
0 0.79658218 0.09132274 0.06153802 0.14155047
0 0.52564403 0.10730696 0.07008711 0.20091441
0 0.64017099 0.12899332 0.08376145 0.13927101
0 0.20341837 0.25114389 0.03760618 0.05022510
