1 0.02222321 0.25456921 0.04444641 0.31278290
1 0.28204942 0.40639474 0.42734933 0.27396910
1 0.65640982 0.51141786 0.24273526 0.25113951
1 0.90512919 0.61073184 0.18974162 0.27168964
1 0.85384402 0.15639145 0.13845880 0.22603047
1 0.42820310 0.06963200 0.61709566 0.13470510
1 0.00170995 0.68265030 0.00341990 0.23744175
1 0.03760574 0.73516186 0.05812119 0.10502312
1 0.23846378 0.76483682 0.31282237 0.24200767
1 0.53333377 0.83561907 0.21880342 0.22830992
1 0.86324732 0.92009249 0.16410606 0.15981501
1 0.99401939 0.94748800 0.01196122 0.10502400
