1 0.03675214 0.73972603 0.07350427 0.12054795
1 0.56307692 0.80000000 0.09299145 0.12602740
1 0.94017094 0.14246575 0.11965812 0.12602740
1 0.66153846 0.46575342 0.16957265 0.16986301
1 0.32786325 0.77260274 0.10940171 0.12054795
1 0.83658120 0.48767123 0.15863248 0.13698630
1 0.25128205 0.41095890 0.42119658 0.12602740
1 0.22940171 0.09315068 0.39384615 0.10958904
1 0.14188034 0.74520548 0.06564103 0.08219178
1 0.66153846 0.78356164 0.05470085 0.09315068
1 0.86495726 0.83835616 0.27008547 0.14246575
1 0.67247863 0.12054795 0.36102564 0.14246575
