0 0.91111428 0.65867923 0.07521236 0.13470510
0 0.93675454 0.47374203 0.05128052 0.06620932
0 0.30769296 0.03538849 0.10940171 0.07077699
0 0.22734835 0.07192022 0.09572737 0.10730258
0 0.02906027 0.73173392 0.05812053 0.13013918
0 0.11196718 0.54909019 0.08717828 0.13470510
0 0.25812086 0.24771858 0.11281854 0.20319386
0 0.10427230 0.39041227 0.12307605 0.13698455
0 0.35982769 0.89269436 0.16581448 0.21461129
0 0.21196559 0.88812537 0.07179553 0.09132537
0 0.15726824 0.98858564 0.14017422 0.02282871
0 0.22393151 0.50913315 0.09572737 0.10958904
0 0.26239190 0.40525326 0.11452696 0.09360482
0 0.21025718 0.70548164 0.09572737 0.10958904
0 0.12649573 0.77625688 0.08888670 0.13698455
0 0.16068507 0.25685041 0.05128052 0.11187551
