1 0.44854701 0.44383562 0.05470085 0.07123288
1 0.68923077 0.78356164 0.12581197 0.10410959
1 0.26803419 0.44931507 0.13675214 0.08767123
1 0.95538462 0.77808219 0.08923077 0.09863014
1 0.12034188 0.82739726 0.22974359 0.11506849
1 0.40478632 0.81643836 0.12581197 0.11506849
1 0.08205128 0.47671233 0.14769231 0.07123288
1 0.61264957 0.44383562 0.09299145 0.09315068
1 0.71658120 0.44931507 0.06017094 0.06575342
1 0.86974359 0.42191781 0.09299145 0.10410959
1 0.96905983 0.41095890 0.06188034 0.13150685
1 0.43213675 0.07671233 0.09299145 0.07123288
0 0.76581197 0.60821918 0.06017094 0.08219178
