1 0.68034188 0.63561644 0.04923077 0.04931507
1 0.78427350 0.64657534 0.08205128 0.08767123
1 0.54905983 0.25753425 0.07111111 0.09315068
1 0.93196581 0.65205479 0.09846154 0.08219178
1 0.69675214 0.95753425 0.14769231 0.08493151
1 0.29743590 0.59178082 0.20239316 0.10958904
1 0.39042735 0.24657534 0.10940171 0.09863014
1 0.16068376 0.23013699 0.28444444 0.11506849
1 0.02564103 0.90958904 0.05128205 0.09315068
1 0.35760684 0.92876712 0.53059829 0.14246575
1 0.08170940 0.56986301 0.16341880 0.12054795
1 0.57641026 0.63561644 0.08752137 0.05479452
1 0.84444444 0.95890411 0.06564103 0.08219178
1 0.66940171 0.28493151 0.07111111 0.09315068
1 0.83897436 0.29589041 0.13675214 0.08767123
1 0.95384615 0.31780822 0.06017094 0.08219178
