1 0.21401709 0.15616438 0.04376068 0.06027397
1 0.96256410 0.92876712 0.07487179 0.09863014
1 0.96803419 0.53424658 0.06393162 0.09863014
1 0.60786325 0.92328767 0.07658120 0.09315068
1 0.89777778 0.91780822 0.15863248 0.11506849
1 0.75008547 0.91780822 0.06564103 0.08767123
1 0.50940171 0.91780822 0.08205128 0.10958904
1 0.06085470 0.16712329 0.07658120 0.09315068
1 0.88683761 0.53972603 0.09299145 0.10410959
1 0.18666667 0.90684932 0.08205128 0.10958904
1 0.36717949 0.91232877 0.10940171 0.12054795
1 0.45470085 0.53972603 0.13675214 0.12054795
1 0.17572650 0.54520548 0.14222222 0.12054795
