1 0.46700855 0.83561644 0.09299145 0.08219178
1 0.58735043 0.84109589 0.08752137 0.10958904
1 0.41777778 0.51232877 0.08205128 0.09863014
1 0.59282051 0.51780822 0.16410256 0.10958904
1 0.10222222 0.13972603 0.20444444 0.10958904
1 0.68581197 0.20547945 0.10940171 0.10410959
1 0.86632479 0.21095890 0.22427350 0.10958904
1 0.27555556 0.82465753 0.14222222 0.10410959
1 0.93863248 0.55068493 0.12273504 0.10410959
1 0.14974359 0.51232877 0.22427350 0.13698630
1 0.56000000 0.19452055 0.13128205 0.11506849
1 0.76786325 0.53972603 0.13128205 0.09315068
1 0.25367521 0.17808219 0.07111111 0.07671233
1 0.35760684 0.18356164 0.05470085 0.07671233
