1 0.40786325 0.27945205 0.05470085 0.08219178
1 0.02615385 0.23013699 0.05230769 0.09863014
1 0.34222222 0.66301370 0.09846154 0.10410959
1 0.23829060 0.66849315 0.12034188 0.10958904
1 0.82358974 0.99863014 0.11487179 0.00273973
1 0.24376068 0.25753425 0.13675214 0.13698630
1 0.98974359 0.29589041 0.02051282 0.10410959
1 0.65401709 0.26849315 0.18051282 0.16438356
1 0.82358974 0.70136986 0.12034188 0.17534247
1 0.00153846 0.98904110 0.00307692 0.02191781
1 0.94393162 0.71232877 0.07658120 0.12602740
