1 0.98136752 0.28493151 0.03726496 0.06575342
1 0.54153846 0.54246575 0.08205128 0.10410959
1 0.43760684 0.52602740 0.05470085 0.08219178
1 0.06564103 0.07123288 0.08752137 0.09315068
1 0.99094017 0.67397260 0.01811966 0.08219178
1 0.24068376 0.10958904 0.07658120 0.08767123
1 0.71658120 0.95753425 0.07111111 0.08493151
1 0.86974359 0.61917808 0.07658120 0.11506849
1 0.09846154 0.44383562 0.13675214 0.11506849
1 0.25709402 0.47671233 0.09299145 0.09863014
1 0.75487179 0.60273973 0.08752137 0.12054795
