1 0.82905983 0.78356164 0.06017094 0.07671233
1 0.28205128 0.42191781 0.06017094 0.06027397
1 0.78529915 0.04931507 0.07658120 0.06027397
1 0.04683761 0.10958904 0.08752137 0.09863014
1 0.52820513 0.39452055 0.04376068 0.07123288
1 0.32581197 0.10410959 0.07658120 0.09863014
1 0.40786325 0.08219178 0.08205128 0.11506849
1 0.07965812 0.44931507 0.04376068 0.06575342
1 0.91111111 0.77260274 0.04923077 0.07123288
1 0.82905983 0.38356164 0.07658120 0.09863014
1 0.52273504 0.08219178 0.07658120 0.11506849
1 0.74700855 0.78904110 0.06017094 0.11506849
1 0.62119658 0.39452055 0.08752137 0.10958904
