1 0.28854701 0.55890411 0.08205128 0.06575342
1 0.23931624 0.93150685 0.14222222 0.10410959
1 0.79179487 0.20273973 0.10940171 0.07671233
1 0.04307692 0.93150685 0.08615385 0.10958904
1 0.50735043 0.54794521 0.23521368 0.09863014
1 0.44170940 0.20273973 0.08205128 0.07123288
1 0.56752137 0.20821918 0.09299145 0.09863014
1 0.27213675 0.21917808 0.14222222 0.08767123
1 0.38153846 0.92602740 0.06564103 0.13150685
1 0.12444444 0.21917808 0.08752137 0.08219178
1 0.09162393 0.56986301 0.14769231 0.07123288
1 0.95042735 0.17534247 0.04376068 0.07123288
