1 0.417949 0.253425 0.097436 0.100457
1 0.549573 0.264840 0.087179 0.105023
1 0.177778 0.883562 0.092308 0.136986
1 0.105983 0.231735 0.136752 0.098174
1 0.690598 0.270548 0.136752 0.102740
1 0.691453 0.609589 0.121368 0.105023
1 0.259829 0.253425 0.136752 0.091324
1 0.962393 0.947489 0.071795 0.105023
1 0.124786 0.549087 0.246154 0.102740
1 0.429060 0.582192 0.263248 0.109589
1 0.811966 0.932648 0.153846 0.121005
1 0.287179 0.890411 0.071795 0.164384
1 0.500000 0.905251 0.162393 0.148402
1 0.658974 0.922374 0.066667 0.114155
1 0.838462 0.615297 0.059829 0.102740
1 0.833333 0.292237 0.066667 0.082192
1 0.970085 0.622146 0.059829 0.102740
