1 0.37059829 0.84109589 0.07658120 0.09863014
1 0.06222222 0.09041096 0.12444444 0.11506849
1 0.50188034 0.83561644 0.12581197 0.09315068
1 0.75897436 0.45205479 0.13128205 0.09315068
1 0.27213675 0.47397260 0.11487179 0.10958904
1 0.26666667 0.09041096 0.13128205 0.10958904
1 0.11897436 0.84109589 0.19145299 0.12054795
1 0.08273504 0.49041096 0.16547009 0.13150685
1 0.40341880 0.10684932 0.07111111 0.08219178
1 0.55111111 0.10136986 0.14222222 0.10410959
1 0.78632479 0.83561644 0.06017094 0.14246575
1 0.93282051 0.82465753 0.13435897 0.12054795
1 0.81914530 0.08493151 0.16410256 0.09315068
