1 0.60170940 0.23287671 0.07111111 0.09315068
1 0.03829060 0.88493151 0.06564103 0.08219178
1 0.19692308 0.87397260 0.21880342 0.13698630
1 0.88615385 0.23835616 0.12034188 0.13698630
1 0.76581197 0.23287671 0.14222222 0.15890411
1 0.73299145 0.90136986 0.31726496 0.12602740
1 0.10940171 0.19452055 0.21333333 0.13698630
1 0.45948718 0.89041096 0.21333333 0.16438356
1 0.33367521 0.55068493 0.13675214 0.15342466
1 0.40478632 0.20547945 0.22974359 0.15342466
1 0.83692308 0.58904110 0.13128205 0.16438356
