1 0.90017094 0.04657534 0.05470085 0.06575342
1 0.41333333 0.71506849 0.06017094 0.06027397
1 0.98017094 0.71506849 0.03965812 0.07123288
1 0.26564103 0.72602740 0.04923077 0.08219178
1 0.01931624 0.39178082 0.03863248 0.09863014
1 0.74153846 0.39178082 0.06017094 0.09315068
1 0.42974359 0.39178082 0.04923077 0.08767123
1 0.88376068 0.71506849 0.06017094 0.08767123
1 0.93299145 0.38630137 0.07658120 0.09863014
1 0.63760684 0.05205479 0.06564103 0.09863014
1 0.47350427 0.05890411 0.07658120 0.11780822
