1 0.09264957 0.24383562 0.12581197 0.08219178
1 0.37162393 0.92328767 0.06017094 0.14246575
1 0.48102564 0.91232877 0.07658120 0.10410959
1 0.87487179 0.58904110 0.20239316 0.13150685
1 0.64512821 0.59452055 0.21880342 0.15342466
1 0.04888889 0.56712329 0.08205128 0.12602740
1 0.54119658 0.24931507 0.18051282 0.12602740
1 0.28410256 0.58356164 0.19145299 0.10410959
1 0.07641026 0.90684932 0.15282051 0.11506849
1 0.24581197 0.89589041 0.07111111 0.08219178
1 0.33880342 0.26027397 0.12581197 0.09315068
1 0.83213675 0.27671233 0.33572650 0.11506849
1 0.78735043 0.92739726 0.37743590 0.14520548
