1 0.91863248 0.85753425 0.10393162 0.14246575
1 0.94700855 0.50136986 0.10598291 0.13150685
1 0.04085470 0.07397260 0.08170940 0.11506849
1 0.12547009 0.08493151 0.04376068 0.06027397
1 0.24581197 0.11232877 0.11487179 0.10958904
1 0.48102564 0.12328767 0.18598291 0.10958904
1 0.81025641 0.16712329 0.37948718 0.16986301
1 0.63965812 0.82465753 0.07111111 0.12054795
1 0.11606838 0.41917808 0.23213675 0.12054795
1 0.31145299 0.44109589 0.07111111 0.10958904
1 0.62871795 0.47945205 0.44307692 0.14246575
1 0.03538462 0.75890411 0.07076923 0.13150685
