1 0.26017094 0.92054795 0.06017094 0.10410959
1 0.48444444 0.56438356 0.10940171 0.13150685
1 0.36957265 0.56438356 0.09299145 0.13698630
1 0.85641026 0.91506849 0.27350427 0.10410959
1 0.38051282 0.91506849 0.14769231 0.12602740
1 0.70871795 0.56438356 0.08205128 0.13150685
1 0.14923077 0.56986301 0.29846154 0.14246575
1 0.04529915 0.21917808 0.09059829 0.16986301
1 0.83452991 0.20273973 0.11487179 0.14246575
1 0.18358974 0.19178082 0.12034188 0.19178082
1 0.61572650 0.92602740 0.15316239 0.11506849
1 0.12341880 0.92739726 0.15316239 0.14520548
1 0.63213675 0.21369863 0.16410256 0.14794521
1 0.59384615 0.58630137 0.09846154 0.10958904
