1 0.67931624 0.07123288 0.20786325 0.13698630
1 0.31282051 0.38904110 0.09846154 0.12054795
1 0.86529915 0.08767123 0.13675214 0.14794521
1 0.87623932 0.46575342 0.11487179 0.16438356
1 0.71213675 0.44931507 0.13128205 0.18082192
1 0.22529915 0.75616438 0.14222222 0.14246575
1 0.04290598 0.03013699 0.08581197 0.06027397
1 0.63555556 0.80547945 0.13128205 0.16986301
1 0.20888889 0.04246575 0.12034188 0.08493151
1 0.05025641 0.70684932 0.09846154 0.14794521
1 0.46598291 0.06301370 0.19692308 0.12602740
