1 0.92119658 0.40547945 0.15760684 0.12054795
1 0.18598291 0.60273973 0.18051282 0.13698630
1 0.53606838 0.66849315 0.10393162 0.12054795
1 0.64547009 0.71780822 0.05470085 0.10410959
1 0.76034188 0.75068493 0.06564103 0.11506849
1 0.86974359 0.78904110 0.06017094 0.11506849
1 0.97316239 0.81095890 0.05367521 0.10958904
1 0.37196581 0.26301370 0.07658120 0.08767123
1 0.71111111 0.02602740 0.09299145 0.05205479
1 0.97452991 0.07671233 0.05094017 0.13150685
1 0.67282051 0.35616438 0.05470085 0.10410959
1 0.08752137 0.20273973 0.08205128 0.09315068
1 0.86974359 0.03287671 0.10940171 0.06575342
