1 0.76786325 0.21369863 0.07658120 0.09863014
1 0.02427350 0.52054795 0.04854701 0.14246575
1 0.94290598 0.24109589 0.06564103 0.09315068
1 0.83897436 0.93698630 0.14769231 0.12054795
1 0.34119658 0.53698630 0.10393162 0.11506849
1 0.20444444 0.83835616 0.09299145 0.12602740
1 0.20444444 0.54794521 0.07111111 0.09315068
1 0.62564103 0.19178082 0.09846154 0.12054795
1 0.43418803 0.89863014 0.08752137 0.13150685
1 0.54905983 0.53698630 0.06564103 0.10958904
1 0.68581197 0.55890411 0.10940171 0.13150685
1 0.28649573 0.17534247 0.10393162 0.11506849
1 0.45059829 0.18630137 0.09846154 0.10958904
1 0.60376068 0.89863014 0.16410256 0.17534247
1 0.95504274 0.57534247 0.08991453 0.12054795
