1 0.13880342 0.17534247 0.08752137 0.10958904
1 0.97145299 0.90958904 0.05709402 0.11506849
1 0.86085470 0.56438356 0.10393162 0.11506849
1 0.48888889 0.53150685 0.18051282 0.12054795
1 0.43965812 0.17534247 0.27897436 0.12054795
1 0.82803419 0.21917808 0.18051282 0.11506849
1 0.18256410 0.50410959 0.18598291 0.12602740
1 0.23179487 0.83287671 0.39931624 0.15890411
1 0.70769231 0.89863014 0.42119658 0.15342466
1 0.67487179 0.21917808 0.07111111 0.12602740
1 0.69675214 0.55890411 0.12581197 0.11506849
