1 0.860684 0.246575 0.196581 0.082192
1 0.452991 0.538813 0.071795 0.050228
1 0.358120 0.207763 0.042735 0.054795
1 0.715385 0.228311 0.070085 0.063927
1 0.786325 0.560502 0.064957 0.066210
1 0.343590 0.523973 0.082051 0.057078
1 0.583761 0.218037 0.070085 0.061644
1 0.178632 0.519406 0.165812 0.084475
1 0.475214 0.218037 0.071795 0.066210
1 0.941026 0.573059 0.117949 0.114155
1 0.231624 0.207763 0.169231 0.059361
1 0.546154 0.539954 0.042735 0.057078
1 0.604274 0.542237 0.042735 0.057078
1 0.664103 0.554795 0.042735 0.054795
1 0.703419 0.553653 0.032479 0.043379
