1 0.198291 0.149543 0.208547 0.130137
1 0.892308 0.878995 0.082051 0.109589
1 0.312821 0.489726 0.393162 0.121005
1 0.859829 0.550228 0.211966 0.141553
1 0.662393 0.517123 0.141880 0.148402
1 0.041026 0.812785 0.078632 0.141553
1 0.706838 0.857306 0.223932 0.125571
1 0.361538 0.850457 0.442735 0.157534
1 0.903419 0.215753 0.189744 0.125571
1 0.663248 0.192922 0.082051 0.125571
1 0.372650 0.171233 0.126496 0.114155
1 0.050427 0.466895 0.087179 0.093607
0 0.800000 0.335616 0.082051 0.082192
1 0.476923 0.171233 0.044444 0.082192
1 0.729060 0.198630 0.042735 0.082192
1 0.979487 0.890411 0.037607 0.091324
