1 0.74905983 0.27123288 0.14222222 0.12054795
1 0.45367521 0.20000000 0.11487179 0.10958904
1 0.10905983 0.10136986 0.09299145 0.10958904
1 0.72170940 0.97534247 0.18051282 0.04931507
1 0.59042735 0.22739726 0.09846154 0.12054795
1 0.03264957 0.45205479 0.06529915 0.10410959
1 0.99897436 0.35890411 0.00205128 0.10958904
1 0.53572650 0.94931507 0.12581197 0.10136986
1 0.11452991 0.85753425 0.12581197 0.10958904
1 0.21846154 0.12876712 0.08205128 0.08767123
1 0.32786325 0.13972603 0.06564103 0.10958904
1 0.13094017 0.47945205 0.05470085 0.09863014
1 0.19111111 0.49041096 0.04923077 0.07671233
1 0.26769231 0.51232877 0.04923077 0.11506849
1 0.40991453 0.55616438 0.18051282 0.11506849
1 0.63965812 0.60000000 0.25162393 0.12602740
1 0.87487179 0.67123288 0.08205128 0.13150685
1 0.97435897 0.72054795 0.05128205 0.10410959
1 0.91316239 0.30958904 0.10393162 0.09315068
