1 0.41453063 0.00570827 0.06324644 0.01141655
1 0.70683799 0.06164427 0.20683750 0.12328855
1 0.86495759 0.07876910 0.08546987 0.12557326
1 0.02222239 0.22146279 0.04444477 0.15524822
1 0.10598630 0.23630378 0.08546987 0.13927101
1 0.30427471 0.30251310 0.27008394 0.19862795
1 0.80598219 0.43150904 0.16581448 0.17351890
1 0.94786483 0.46461370 0.06324644 0.14383693
1 0.99914557 0.49429567 0.00170885 0.09817074
1 0.17008695 0.97602762 0.28889053 0.04794477
1 0.01623943 0.56278444 0.03247885 0.17579836
1 0.21025575 0.63698937 0.22222025 0.18265074
1 0.40427312 0.67922586 0.12478446 0.13470510
1 0.57521285 0.73173742 0.16581448 0.20319386
1 0.70683799 0.77511715 0.09743579 0.16210060
1 0.82649720 0.78196252 0.10085262 0.13927101
