1 0.09504274 0.16712329 0.07658120 0.10410959
1 0.19897436 0.17808219 0.07111111 0.08219178
1 0.24820513 0.88493151 0.08752137 0.08767123
1 0.84444444 0.13424658 0.11487179 0.09315068
1 0.03487179 0.90136986 0.06564103 0.07671233
1 0.12786325 0.53424658 0.06564103 0.07671233
1 0.03111111 0.53424658 0.06222222 0.09315068
1 0.31931624 0.16712329 0.08752137 0.09863014
1 0.49435897 0.15068493 0.18051282 0.09315068
1 0.78427350 0.84109589 0.10393162 0.10410959
1 0.70222222 0.12328767 0.12034188 0.10958904
1 0.82256410 0.49589041 0.12034188 0.10958904
1 0.62564103 0.50136986 0.09846154 0.10958904
1 0.29743590 0.52328767 0.17504274 0.10958904
1 0.96735043 0.47945205 0.06529915 0.10958904
1 0.93863248 0.83013699 0.12273504 0.12602740
