1 0.832479 0.372146 0.044444 0.059361
1 0.219658 0.972603 0.032479 0.054795
1 0.269231 0.970320 0.039316 0.059361
1 0.335043 0.972603 0.075214 0.050228
1 0.658120 0.360731 0.092308 0.073059
1 0.214530 0.327626 0.059829 0.066210
1 0.745299 0.360731 0.064957 0.073059
1 0.882051 0.042237 0.054701 0.066210
1 0.121368 0.326484 0.088889 0.082192
1 0.564103 0.030822 0.082051 0.057078
1 0.941026 0.372146 0.117949 0.086758
1 0.126496 0.962329 0.082051 0.075342
1 0.346154 0.344749 0.097436 0.086758
1 0.756410 0.036530 0.121368 0.068493
1 0.537607 0.360731 0.121368 0.100457
1 0.027350 0.317352 0.051282 0.086758
