1 0.08102564 0.29041096 0.16205128 0.11506849
1 0.12649573 0.69589041 0.09846154 0.12054795
1 0.56410256 0.82191781 0.10393162 0.10958904
1 0.78290598 0.10958904 0.20239316 0.16986301
1 0.39452991 0.77808219 0.10940171 0.10958904
1 0.32341880 0.35068493 0.24068376 0.15342466
1 0.61333333 0.43287671 0.19145299 0.13698630
1 0.87042735 0.90958904 0.17504274 0.12602740
1 0.66803419 0.83287671 0.07658120 0.12602740
1 0.97350427 0.15342466 0.05299145 0.15342466
1 0.96888889 0.52602740 0.06017094 0.12602740
