1 0.14427350 0.38356164 0.04376068 0.05479452
1 0.59282051 0.38356164 0.04923077 0.06027397
1 0.03487179 0.76164384 0.06017094 0.05479452
1 0.53264957 0.02191781 0.04376068 0.04383562
1 0.46700855 0.71780822 0.05470085 0.06027397
1 0.43965812 0.39452055 0.06017094 0.08219178
1 0.28102564 0.76164384 0.06017094 0.07123288
1 0.59829060 0.75616438 0.05470085 0.08767123
1 0.95384615 0.02465753 0.05470085 0.04931507
1 0.31384615 0.03835616 0.06564103 0.07671233
1 0.82803419 0.37808219 0.07658120 0.10410959
