1 0.45401709 0.97945205 0.07111111 0.04109589
1 0.08205128 0.35068493 0.15863248 0.10958904
1 0.20239316 0.06027397 0.09846154 0.09315068
1 0.83145299 0.10958904 0.05470085 0.06575342
1 0.35555556 0.40000000 0.36649573 0.14246575
1 0.06564103 0.96301370 0.12034188 0.07397260
1 0.96905983 0.44931507 0.06188034 0.06575342
1 0.33914530 0.07123288 0.18051282 0.11506849
1 0.21333333 0.68493151 0.06017094 0.08219178
1 0.36649573 0.70684932 0.17504274 0.10958904
1 0.63452991 0.08767123 0.32273504 0.10958904
1 0.94632479 0.12602740 0.08205128 0.08219178
1 0.07111111 0.67945205 0.13675214 0.08767123
1 0.83145299 0.75068493 0.15863248 0.12054795
1 0.61811966 0.73424658 0.24068376 0.12054795
1 0.07658120 0.04657534 0.15316239 0.09315068
1 0.80957265 0.44383562 0.22974359 0.12054795
