1 0.93606838 0.50684932 0.12786325 0.11506849
1 0.72717949 0.49589041 0.16957265 0.12054795
1 0.21589744 0.11780822 0.43179487 0.11506849
1 0.93059829 0.15068493 0.13880342 0.12054795
1 0.02444444 0.80821918 0.04888889 0.10958904
1 0.30598291 0.82465753 0.24615385 0.13698630
1 0.66700855 0.13972603 0.33367521 0.13150685
1 0.07641026 0.45205479 0.15282051 0.10958904
1 0.28957265 0.46849315 0.19145299 0.13698630
1 0.54666667 0.84109589 0.18598291 0.13698630
1 0.53572650 0.49041096 0.16957265 0.09315068
