1 0.78222222 0.10684932 0.08752137 0.08219178
1 0.58529915 0.82465753 0.26803419 0.09863014
1 0.30085470 0.84657534 0.26256410 0.10410959
1 0.66735043 0.46849315 0.08752137 0.08219178
1 0.95726496 0.10684932 0.08205128 0.09315068
1 0.80957265 0.45753425 0.08205128 0.08219178
1 0.43760684 0.12876712 0.11487179 0.10410959
1 0.64547009 0.11780822 0.10393162 0.08767123
1 0.21333333 0.13972603 0.12034188 0.10410959
1 0.89658120 0.81369863 0.20683761 0.07123288
1 0.04376068 0.51232877 0.08752137 0.10958904
