1 0.13880342 0.08219178 0.09846154 0.09863014
1 0.78974359 0.56986301 0.13128205 0.15890411
1 0.26461538 0.89315068 0.05470085 0.06027397
1 0.25914530 0.07671233 0.09299145 0.10958904
1 0.91675214 0.60273973 0.16649573 0.16438356
1 0.64205128 0.94246575 0.05470085 0.07123288
1 0.03931624 0.06575342 0.07863248 0.12054795
1 0.02700855 0.86575342 0.05401709 0.09315068
1 0.93743590 0.16438356 0.07658120 0.13150685
1 0.45059829 0.51506849 0.12034188 0.14794521
1 0.47794872 0.11506849 0.09846154 0.11506849
1 0.81162393 0.16986301 0.10393162 0.16986301
1 0.17709402 0.48767123 0.30632479 0.15342466
