1 0.354701 0.325342 0.104274 0.093607
1 0.911111 0.029680 0.177778 0.054795
1 0.753846 0.658676 0.129915 0.116438
1 0.814530 0.972603 0.087179 0.054795
1 0.518803 0.658676 0.114530 0.121005
1 0.343590 0.652968 0.099145 0.109589
1 0.535043 0.026256 0.502564 0.047945
1 0.546154 0.347032 0.104274 0.091324
1 0.277778 0.968037 0.497436 0.059361
1 0.163248 0.658676 0.121368 0.061644
1 0.622222 0.977169 0.164103 0.041096
1 0.675214 0.343607 0.068376 0.079909
1 0.162393 0.325342 0.068376 0.079909
1 0.035043 0.325342 0.066667 0.079909
1 0.932479 0.343607 0.135043 0.184932
1 0.889744 0.673516 0.104274 0.077626
