1 0.01606838 0.76986301 0.03213675 0.10958904
1 0.22632479 0.02328767 0.09299145 0.04657534
1 0.24820513 0.79178082 0.08752137 0.11506849
1 0.43965812 0.41917808 0.51418803 0.16986301
1 0.80051282 0.86301370 0.39897436 0.20273973
1 0.52717949 0.80821918 0.12581197 0.13698630
1 0.12786325 0.76438356 0.09846154 0.13150685
1 0.74051282 0.44109589 0.09299145 0.14246575
1 0.92222222 0.42465753 0.15555556 0.14246575
1 0.89623932 0.05479452 0.20752137 0.10958904
1 0.02564103 0.37534247 0.05128205 0.13698630
1 0.57641026 0.04383562 0.18598291 0.08767123
