1 0.63111111 0.36164384 0.07111111 0.08767123
1 0.44512821 0.72328767 0.07111111 0.07671233
1 0.02837607 0.69589041 0.05675214 0.10410959
1 0.34666667 0.03561644 0.08205128 0.07123288
1 0.93196581 0.06027397 0.11487179 0.09863014
1 0.52170940 0.03835616 0.18051282 0.07671233
1 0.40136752 0.33972603 0.15316239 0.13698630
1 0.74051282 0.04383562 0.14769231 0.08767123
1 0.04581197 0.32876712 0.06017094 0.09315068
1 0.80068376 0.39452055 0.04376068 0.06027397
1 0.05128205 0.01232877 0.04923077 0.02465753
1 0.14974359 0.02602740 0.05470085 0.05205479
1 0.91008547 0.40000000 0.05470085 0.08219178
