1 0.47008547 0.17534247 0.09846154 0.11506849
1 0.92957265 0.54246575 0.13675214 0.10410959
1 0.20205128 0.86575342 0.08752137 0.12054795
1 0.36068376 0.53150685 0.32820513 0.12054795
1 0.51384615 0.89315068 0.27897436 0.14794521
1 0.91692308 0.19726027 0.16615385 0.12054795
1 0.67794872 0.18630137 0.15863248 0.14794521
1 0.18991453 0.16986301 0.37982906 0.11506849
1 0.66153846 0.54246575 0.21333333 0.14246575
1 0.85538462 0.92054795 0.28923077 0.12602740
1 0.04085470 0.86027397 0.08170940 0.09315068
1 0.07777778 0.52602740 0.15555556 0.10958904
