1 0.96136752 0.58356164 0.07658120 0.09315068
1 0.71521368 0.57260274 0.07658120 0.08767123
1 0.55658120 0.22191781 0.14222222 0.12054795
1 0.29948718 0.91780822 0.23521368 0.10410959
1 0.69333333 0.92876712 0.27350427 0.10410959
1 0.39247863 0.55068493 0.08205128 0.10410959
1 0.23931624 0.55616438 0.13675214 0.10958904
1 0.36512821 0.22191781 0.11487179 0.09863014
1 0.16273504 0.21095890 0.23521368 0.13150685
1 0.53470085 0.56164384 0.09846154 0.10958904
1 0.94239316 0.22739726 0.11521368 0.11506849
1 0.01299145 0.91232877 0.02598291 0.10958904
1 0.09709402 0.93424658 0.08752137 0.10410959
