1 0.64512821 0.43561644 0.05470085 0.06027397
1 0.54119658 0.43013699 0.06017094 0.06575342
1 0.53025641 0.05753425 0.07111111 0.06575342
1 0.89128205 0.03835616 0.07658120 0.07671233
1 0.35521368 0.06301370 0.06564103 0.07671233
1 0.02170940 0.83013699 0.04341880 0.11506849
1 0.69435897 0.05753425 0.07111111 0.08767123
1 0.96752137 0.41369863 0.06495726 0.06027397
1 0.20205128 0.80273973 0.07658120 0.06027397
1 0.04905983 0.09589041 0.09811966 0.06027397
1 0.61777778 0.76986301 0.09299145 0.08219178
1 0.03794872 0.47945205 0.04923077 0.07123288
