1 0.43623932 0.37534247 0.27897436 0.10410959
1 0.84102564 0.35890411 0.08205128 0.10958904
1 0.94923077 0.35342466 0.10153846 0.08767123
1 0.73709402 0.72054795 0.06564103 0.10958904
1 0.67692308 0.02876712 0.09846154 0.05753425
1 0.36512821 0.74794521 0.07111111 0.10410959
1 0.12991453 0.76438356 0.17504274 0.09863014
1 0.66051282 0.36986301 0.07111111 0.10410959
1 0.87384615 0.70958904 0.16957265 0.11506849
1 0.58393162 0.72602740 0.19145299 0.10410959
1 0.91213675 0.02602740 0.15863248 0.05205479
1 0.49641026 0.04109589 0.15316239 0.08219178
1 0.23384615 0.42465753 0.06564103 0.08767123
1 0.06974359 0.06849315 0.04376068 0.06575342
1 0.17367521 0.06849315 0.06017094 0.09315068
1 0.28307692 0.05753425 0.14222222 0.06027397
1 0.78085470 0.03698630 0.08205128 0.07397260
