1 0.90803419 0.25753425 0.18393162 0.09315068
1 0.65196581 0.24109589 0.07111111 0.07671233
1 0.17606838 0.20821918 0.06564103 0.08219178
1 0.89264957 0.90410959 0.06017094 0.08219178
1 0.72307692 0.90410959 0.07658120 0.10958904
1 0.41128205 0.88767123 0.07658120 0.09863014
1 0.56991453 0.88767123 0.08205128 0.10410959
1 0.06119658 0.20273973 0.10393162 0.10958904
1 0.52068376 0.23013699 0.14222222 0.09863014
1 0.09948718 0.86575342 0.17504274 0.10958904
1 0.33470085 0.23013699 0.14769231 0.11506849
