1 0.45162393 0.07671233 0.05470085 0.07123288
1 0.06324786 0.46575342 0.08752137 0.11506849
1 0.16717949 0.82191781 0.08752137 0.10410959
1 0.60478632 0.78356164 0.64000000 0.15342466
1 0.34769231 0.09315068 0.07658120 0.09863014
1 0.21641026 0.44931507 0.09846154 0.12602740
1 0.57743590 0.42739726 0.37743590 0.12602740
1 0.85641026 0.41643836 0.09299145 0.13698630
1 0.84000000 0.07671233 0.12034188 0.15342466
1 0.98017094 0.41643836 0.03965812 0.16438356
1 0.03709402 0.82739726 0.07418803 0.16438356
1 0.62666667 0.08219178 0.14222222 0.13150685
