1 0.30188034 0.96712329 0.22974359 0.06575342
1 0.87521368 0.96027397 0.24957265 0.07945205
1 0.18153846 0.63287671 0.08752137 0.11506849
1 0.38393162 0.62739726 0.26256410 0.12602740
1 0.83247863 0.62191781 0.22974359 0.12602740
1 0.86837607 0.24931507 0.26324786 0.17534247
1 0.07760684 0.97123288 0.08752137 0.05753425
1 0.11675214 0.26027397 0.23350427 0.13698630
1 0.35111111 0.25479452 0.19692308 0.13698630
1 0.05247863 0.63287671 0.10495726 0.14794521
1 0.60273504 0.24383562 0.19145299 0.13150685
