1 0.03282051 0.72328767 0.06017094 0.09863014
1 0.11487179 0.73424658 0.09299145 0.10958904
1 0.24615385 0.08767123 0.09299145 0.10410959
1 0.60170940 0.13150685 0.07111111 0.09863014
1 0.55247863 0.76164384 0.07658120 0.10410959
1 0.49777778 0.13150685 0.06017094 0.09315068
1 0.26256410 0.74520548 0.09846154 0.10410959
1 0.08205128 0.09315068 0.16410256 0.12054795
1 0.39931624 0.10958904 0.09299145 0.09863014
1 0.40478632 0.75616438 0.15316239 0.12054795
1 0.94991453 0.15342466 0.10017094 0.13698630
1 0.82000000 0.78904110 0.36000000 0.12054795
1 0.77128205 0.13150685 0.13128205 0.14794521
