1 0.05435897 0.12054795 0.10871795 0.11506849
1 0.59282051 0.79452055 0.10393162 0.09315068
1 0.58735043 0.08219178 0.06564103 0.09315068
1 0.19897436 0.46575342 0.06564103 0.07671233
1 0.96461538 0.43287671 0.07076923 0.10958904
1 0.94273504 0.79452055 0.11452991 0.09315068
1 0.20444444 0.10410959 0.08205128 0.10410959
1 0.63658120 0.44931507 0.08752137 0.10410959
1 0.04581197 0.84931507 0.08752137 0.12602740
1 0.29196581 0.82739726 0.13675214 0.13698630
1 0.40136752 0.08219178 0.16957265 0.09863014
1 0.69675214 0.07671233 0.07111111 0.07123288
1 0.84991453 0.06575342 0.15316239 0.08219178
