1 0.90564103 0.94794521 0.06564103 0.07671233
1 0.63760684 0.60821918 0.07658120 0.10958904
1 0.02205128 0.60821918 0.04410256 0.10958904
1 0.39145299 0.94794521 0.14222222 0.09315068
1 0.93367521 0.25753425 0.13264957 0.13150685
1 0.19452991 0.94794521 0.18598291 0.09315068
1 0.23829060 0.60273973 0.22974359 0.12054795
1 0.48991453 0.60821918 0.13675214 0.12602740
1 0.73606838 0.94657534 0.18598291 0.10684932
1 0.06991453 0.25753425 0.13982906 0.13698630
1 0.86188034 0.61369863 0.10393162 0.10958904
1 0.04683761 0.96438356 0.08205128 0.07123288
1 0.94940171 0.62465753 0.05470085 0.07671233
1 0.50632479 0.95342466 0.04376068 0.06575342
