1 0.47897436 0.66301370 0.08205128 0.11506849
1 0.67589744 0.32328767 0.10940171 0.12054795
1 0.39145299 0.96712329 0.18051282 0.06575342
1 0.92547009 0.04931507 0.14905983 0.09315068
1 0.06307692 0.29041096 0.12615385 0.12602740
1 0.76888889 0.66849315 0.13675214 0.13698630
1 0.24376068 0.31780822 0.24615385 0.14794521
1 0.95829060 0.70136986 0.08341880 0.14794521
1 0.63760684 0.96712329 0.10393162 0.06575342
1 0.52820513 0.32876712 0.14769231 0.13150685
1 0.61572650 0.67397260 0.09846154 0.13698630
1 0.84000000 0.97260274 0.14222222 0.05479452
1 0.29846154 0.65205479 0.19145299 0.13698630
1 0.08632479 0.63561644 0.17264957 0.12602740
1 0.88170940 0.37808219 0.23658120 0.19178082
1 0.56649573 0.04931507 0.28991453 0.09315068
1 0.16717949 0.96027397 0.22974359 0.07945205
