1 0.58290631 0.92237501 0.25640960 0.15524997
1 0.18119724 0.83105227 0.28034144 0.17351890
1 0.13077093 0.06849359 0.25811802 0.13698718
1 0.54615434 0.15411112 0.37777723 0.16666652
1 0.86923422 0.26370016 0.18974632 0.13927101
1 0.82478736 0.97488658 0.21025433 0.05022685
1 0.96923181 0.98630312 0.06153638 0.02739375
1 0.04530106 0.42123485 0.08717828 0.09817074
1 0.21709500 0.44520767 0.19487158 0.14611638
1 0.41966146 0.51712614 0.19657999 0.14383693
1 0.60512974 0.56507178 0.14359106 0.14383693
1 0.81282144 0.62557195 0.13504197 0.11872088
1 0.94872030 0.67808351 0.10255940 0.11415496
