1 0.13008547 0.90958904 0.26017094 0.17534247
1 0.09606838 0.55342466 0.08205128 0.10410959
1 0.39145299 0.97397260 0.12034188 0.05205479
1 0.94940171 0.01917808 0.07111111 0.03835616
1 0.71965812 0.70136986 0.20786325 0.11506849
1 0.88376068 0.76164384 0.07111111 0.10410959
1 0.06324786 0.07671233 0.12581197 0.10410959
1 0.60478632 0.99863014 0.08205128 0.00273973
1 0.40239316 0.61917808 0.35555556 0.19178082
1 0.54461538 0.21917808 0.12034188 0.11506849
1 0.38598291 0.15890411 0.15863248 0.10958904
1 0.67589744 0.23561644 0.09846154 0.11506849
1 0.80170940 0.26849315 0.09846154 0.12054795
1 0.91111111 0.30684932 0.06564103 0.12054795
1 0.99931624 0.33972603 0.00136752 0.09863014
1 0.23282051 0.12054795 0.08205128 0.08767123
