1 0.15829060 0.96438356 0.06564103 0.06027397
1 0.85846154 0.16986301 0.07111111 0.07671233
1 0.88034188 0.54794521 0.07111111 0.07123288
1 0.27863248 0.59726027 0.06564103 0.06027397
1 0.97846154 0.93150685 0.04307692 0.13150685
1 0.58495726 0.21369863 0.08205128 0.08219178
1 0.96068376 0.16438356 0.07863248 0.07671233
1 0.73811966 0.55342466 0.09299145 0.08219178
1 0.56854701 0.56986301 0.08752137 0.10410959
1 0.43726496 0.59178082 0.07658120 0.10958904
1 0.07076923 0.25205479 0.09299145 0.11506849
1 0.34974359 0.22465753 0.11487179 0.10958904
