1 0.58393162 0.52054795 0.07658120 0.11506849
1 0.37059829 0.50410959 0.10393162 0.12054795
1 0.72615385 0.53150685 0.09846154 0.12054795
1 0.90273504 0.53698630 0.19452991 0.09315068
1 0.46358974 0.88219178 0.45401709 0.12054795
1 0.13538462 0.14246575 0.09299145 0.10958904
1 0.22290598 0.49863014 0.09299145 0.12054795
1 0.58940171 0.18082192 0.11487179 0.10958904
1 0.34871795 0.16986301 0.24615385 0.12054795
1 0.85076923 0.19178082 0.29846154 0.12054795
1 0.14632479 0.86575342 0.15863248 0.13150685
1 0.75897436 0.89315068 0.05470085 0.09315068
1 0.92598291 0.92054795 0.14803419 0.10410959
