1 0.03162393 1.00000000 0.06324786 0.00000000
1 0.69777778 0.48767123 0.06564103 0.10410959
1 0.24376068 0.36712329 0.07111111 0.10958904
1 0.84000000 0.87671233 0.09846154 0.08767123
1 0.05760684 0.29041096 0.11521368 0.16438356
1 0.98837607 0.91506849 0.02324786 0.10958904
1 0.75247863 0.10958904 0.09299145 0.13150685
1 0.65401709 0.83287671 0.08752137 0.12054795
1 0.13435897 0.69041096 0.10393162 0.13698630
1 0.41333333 0.06027397 0.14222222 0.10958904
1 0.49538462 0.42191781 0.09846154 0.14246575
