0 0.17265099 0.85958926 0.14359106 0.16210060
0 0.28461533 0.42694225 0.25470118 0.35159671
0 0.27521203 0.66552723 0.08546987 0.12557326
0 0.31624205 0.78539134 0.08888670 0.11872088
0 0.40769138 0.67009315 0.14188264 0.14383693
0 0.40427454 0.84132559 0.07350395 0.07534115
0 0.54102493 0.82191868 0.16239065 0.15068230
0 0.19145058 0.97488745 0.12649288 0.05022510
0 0.29743546 0.90753490 0.08546987 0.07990707
0 0.51282204 0.37443068 0.09572737 0.22830992
0 0.55983152 0.59588822 0.06324644 0.07762762
0 0.05213790 0.09931616 0.10427580 0.19863233
