1 0.11487179 0.46575342 0.13128205 0.12602740
1 0.32273504 0.15342466 0.19145299 0.14246575
1 0.51418803 0.20273973 0.12581197 0.12602740
1 0.70564103 0.96712329 0.36102564 0.06575342
1 0.51418803 0.58630137 0.11487179 0.13150685
1 0.05470085 0.08767123 0.09846154 0.13150685
1 0.03829060 0.84383562 0.07658120 0.11506849
1 0.29538462 0.53150685 0.21333333 0.13698630
1 0.95401709 0.00958904 0.09196581 0.01917808
1 0.64547009 0.62465753 0.09846154 0.13150685
1 0.79863248 0.66849315 0.15316239 0.14246575
1 0.81452991 0.29589041 0.37094017 0.20273973
1 0.37743590 0.92739726 0.14222222 0.14520548
