1 0.95487179 0.07945205 0.05470085 0.07123288
1 0.24923077 0.86849315 0.06017094 0.09315068
1 0.35863248 0.87945205 0.07111111 0.09315068
0 0.34769231 0.43013699 0.16410256 0.19726027
1 0.74153846 0.11780822 0.07658120 0.11506849
1 0.48444444 0.85753425 0.09846154 0.10410959
1 0.59931624 0.84657534 0.06564103 0.11506849
1 0.11794872 0.88493151 0.10940171 0.10410959
1 0.86188034 0.07945205 0.07658120 0.12054795
1 0.50085470 0.10684932 0.08752137 0.10958904
1 0.18358974 0.15068493 0.14222222 0.11506849
1 0.88034188 0.83561644 0.23931624 0.17534247
