1 0.31384615 0.27397260 0.04376068 0.06575342
1 0.10598291 0.26301370 0.06564103 0.06575342
1 0.44512821 0.29589041 0.05470085 0.08219178
1 0.17162393 0.60821918 0.15316239 0.08219178
1 0.35760684 0.62465753 0.26803419 0.08219178
1 0.53811966 0.31780822 0.09299145 0.09863014
1 0.45059829 0.95890411 0.06564103 0.08219178
1 0.96051282 0.96849315 0.07897436 0.06301370
1 0.70222222 0.95753425 0.36649573 0.08493151
1 0.19350427 0.93150685 0.12034188 0.09863014
1 0.60923077 0.65205479 0.13675214 0.12602740
1 0.64752137 0.03698630 0.10940171 0.07397260
1 0.95914530 0.04246575 0.08170940 0.08493151
1 0.81162393 0.33972603 0.35555556 0.16986301
1 0.84427350 0.68493151 0.31145299 0.15890411
