1 0.282906 0.631279 0.316239 0.130137
1 0.710256 0.647260 0.251282 0.121005
1 0.052991 0.963470 0.099145 0.073059
1 0.699145 0.292237 0.102564 0.132420
1 0.788889 0.974886 0.138462 0.050228
1 0.359829 0.297945 0.234188 0.130137
1 0.934188 0.970320 0.097436 0.059361
1 0.329060 0.971461 0.189744 0.057078
1 0.949573 0.654110 0.100855 0.121005
1 0.584615 0.976027 0.205128 0.047945
1 0.189744 0.319635 0.099145 0.136986
1 0.081197 0.643836 0.087179 0.082192
1 0.033333 0.302511 0.063248 0.093607
1 0.882906 0.307078 0.227350 0.093607
