1 0.78427350 0.08493151 0.09846154 0.09863014
1 0.20991453 0.32602740 0.07658120 0.07671233
1 0.45059829 0.75342466 0.28444444 0.13698630
1 0.94837607 0.13424658 0.08752137 0.10958904
1 0.74598291 0.43561644 0.08752137 0.12054795
1 0.45059829 0.03698630 0.12034188 0.07397260
1 0.91555556 0.48493151 0.08205128 0.11506849
1 0.59282051 0.04931507 0.15316239 0.09863014
1 0.41777778 0.36986301 0.08205128 0.08767123
1 0.54905983 0.39178082 0.12034188 0.12602740
1 0.04068376 0.24383562 0.08136752 0.14794521
1 0.01743590 0.94931507 0.03487179 0.10136986
1 0.19897436 0.69863014 0.15316239 0.13698630
1 0.88273504 0.87397260 0.22974359 0.15342466
