0 0.045299 0.718037 0.087179 0.162100
0 0.511966 0.364155 0.070085 0.057078
0 0.439316 0.240868 0.061538 0.070776
0 0.575214 0.220320 0.087179 0.102740
0 0.674359 0.098174 0.046154 0.054795
0 0.104274 0.905251 0.191453 0.189498
0 0.247009 0.970320 0.073504 0.059361
0 0.174359 0.640411 0.061538 0.057078
0 0.306838 0.821918 0.076923 0.068493
0 0.355556 0.655251 0.051282 0.045662
0 0.071795 0.488584 0.129915 0.095890
0 0.478632 0.078767 0.061538 0.066210
0 0.428205 0.779680 0.025641 0.034247
0 0.260684 0.755708 0.046154 0.059361
0 0.534188 0.704338 0.094017 0.130137
0 0.234188 0.551370 0.085470 0.107306
0 0.530769 0.034247 0.066667 0.063927
