1 0.94547009 0.97397260 0.10905983 0.05205479
1 0.96735043 0.63835616 0.06529915 0.12054795
1 0.01743590 0.09041096 0.03487179 0.13150685
1 0.99059829 0.17260274 0.01880342 0.10410959
1 0.12786325 0.10684932 0.05470085 0.11506849
1 0.39589744 0.13972603 0.31726496 0.15890411
1 0.90461538 0.15616438 0.07658120 0.11506849
1 0.86085470 0.60547945 0.08205128 0.12602740
1 0.41777778 0.95068493 0.20786325 0.09863014
1 0.11692308 0.94931507 0.18598291 0.10136986
1 0.34119658 0.57260274 0.15863248 0.16438356
1 0.69675214 0.59452055 0.09846154 0.13698630
1 0.17709402 0.55068493 0.09846154 0.15342466
1 0.78427350 0.97397260 0.18051282 0.05205479
1 0.74598291 0.15616438 0.10940171 0.15342466
1 0.01196581 0.52876712 0.02393162 0.16986301
1 0.58188034 0.96438356 0.11487179 0.07123288
1 0.47794872 0.58904110 0.10393162 0.18630137
