1 0.69880342 0.72602740 0.03829060 0.05479452
1 0.87931624 0.73150685 0.04376068 0.06575342
1 0.04786325 0.02328767 0.04376068 0.04657534
1 0.55658120 0.71506849 0.04376068 0.06575342
1 0.12444444 0.02739726 0.06017094 0.05479452
1 0.97384615 0.09041096 0.05230769 0.07671233
1 0.26666667 0.03835616 0.15316239 0.07671233
1 0.79726496 0.74794521 0.04923077 0.07123288
1 0.87931624 0.06849315 0.08205128 0.10410959
1 0.72068376 0.06849315 0.19145299 0.10410959
1 0.48547009 0.05342466 0.18598291 0.10684932
