1 0.19555556 0.96301370 0.08752137 0.07397260
1 0.33777778 0.64931507 0.13675214 0.12054795
1 0.79726496 0.02054795 0.14222222 0.04109589
1 0.79726496 0.98219178 0.08752137 0.03561644
1 0.22290598 0.29315068 0.08752137 0.12602740
1 0.81367521 0.31506849 0.22427350 0.14794521
1 0.62222222 0.02191781 0.18051282 0.04383562
1 0.56205128 0.65479452 0.13128205 0.11506849
1 0.07179487 0.29315068 0.14358974 0.13698630
1 0.38700855 0.29863014 0.13128205 0.13698630
1 0.56752137 0.30958904 0.14769231 0.14246575
1 0.75350427 0.67123288 0.18598291 0.12602740
1 0.50735043 0.96849315 0.44307692 0.06301370
1 0.12102564 0.61643836 0.24205128 0.16438356
