0 0.194017 0.087900 0.029060 0.034247
0 0.150427 0.242009 0.047863 0.063927
0 0.052137 0.286530 0.035897 0.047945
0 0.023077 0.432648 0.042735 0.066210
0 0.085470 0.481735 0.085470 0.114155
0 0.009402 0.649543 0.015385 0.061644
0 0.022222 0.571918 0.041026 0.052511
0 0.427350 0.562785 0.075214 0.075342
0 0.503419 0.807078 0.039316 0.066210
0 0.452137 0.829909 0.022222 0.038813
0 0.087179 0.644977 0.051282 0.034247
0 0.031624 0.783105 0.025641 0.022831
0 0.055556 0.702055 0.032479 0.034247
0 0.048718 0.744292 0.039316 0.022831
0 0.468376 0.396119 0.027350 0.038813
0 0.088034 0.891553 0.025641 0.029680
0 0.303419 0.864155 0.049573 0.070776
0 0.309402 0.923516 0.044444 0.029680
0 0.392308 0.981735 0.035897 0.031963
0 0.112821 0.213470 0.027350 0.052511
0 0.137607 0.684932 0.032479 0.031963
0 0.530769 0.108447 0.039316 0.066210
0 0.617094 0.369863 0.064957 0.086758
0 0.525641 0.630137 0.046154 0.073059
0 0.368376 0.210046 0.059829 0.054795
