1 0.16923077 0.49589041 0.17504274 0.09863014
1 0.35521368 0.13972603 0.14222222 0.12054795
1 0.09811966 0.13424658 0.08752137 0.08767123
1 0.38256410 0.84657534 0.14769231 0.13698630
1 0.07230769 0.85753425 0.14461538 0.12054795
1 0.42085470 0.49589041 0.16957265 0.12054795
1 0.60683761 0.14520548 0.23521368 0.10410959
1 0.82017094 0.13424658 0.07111111 0.07671233
1 0.94427350 0.16712329 0.11145299 0.08767123
1 0.66153846 0.87945205 0.22974359 0.08219178
1 0.93504274 0.87945205 0.09299145 0.09315068
1 0.69982906 0.51232877 0.06017094 0.07123288
