1 0.521368 0.723744 0.225641 0.109589
1 0.729060 0.382420 0.066667 0.075342
1 0.370940 0.408676 0.099145 0.114155
1 0.280342 0.711187 0.153846 0.098174
1 0.177778 0.386986 0.099145 0.121005
1 0.552991 0.376712 0.141880 0.114155
1 0.137607 0.054795 0.241026 0.105023
1 0.526496 0.059361 0.400000 0.105023
1 0.898291 0.075342 0.059829 0.077626
1 0.843590 0.404110 0.042735 0.082192
1 0.954701 0.400685 0.090598 0.066210
1 0.889744 0.721461 0.182906 0.059361
1 0.121368 0.695205 0.075214 0.125571
1 0.698291 0.714612 0.111111 0.063927
