1 0.18905983 0.78356164 0.17504274 0.15342466
1 0.53914530 0.37808219 0.07111111 0.11506849
1 0.69777778 0.03150685 0.13128205 0.06301370
1 0.42427350 0.38356164 0.09299145 0.10410959
1 0.65401709 0.40547945 0.09299145 0.11506849
1 0.86803419 0.43835616 0.26393162 0.13698630
1 0.09059829 0.00821918 0.09846154 0.01643836
1 0.94461538 0.84383562 0.11076923 0.14246575
1 0.80170940 0.82739726 0.10393162 0.14794521
1 0.27111111 0.36164384 0.09846154 0.13150685
1 0.55555556 0.81643836 0.21333333 0.14794521
1 0.03162393 0.76712329 0.06324786 0.12054795
1 0.10153846 0.36164384 0.15316239 0.14246575
1 0.94393162 0.04520548 0.10940171 0.09041096
1 0.38051282 0.02191781 0.32273504 0.04383562
