1 0.15179487 0.47123288 0.08205128 0.09863014
1 0.26119658 0.08219178 0.06564103 0.06575342
1 0.98341880 0.38904110 0.03316239 0.06575342
1 0.97794872 0.78356164 0.04410256 0.09863014
1 0.01299145 0.84931507 0.02598291 0.10410959
1 0.23384615 0.82739726 0.08752137 0.10958904
1 0.45264957 0.07123288 0.08205128 0.10410959
1 0.38700855 0.82739726 0.08752137 0.10958904
1 0.70427350 0.41643836 0.13128205 0.10958904
1 0.57299145 0.80547945 0.09846154 0.10410959
1 0.34324786 0.46027397 0.24068376 0.14246575
1 0.04170940 0.10958904 0.08341880 0.16986301
