1 0.59623932 0.69863014 0.18598291 0.15342466
1 0.85333333 0.05205479 0.20239316 0.10410959
1 0.72752137 0.36986301 0.12034188 0.12054795
1 0.25709402 0.66027397 0.23521368 0.13698630
1 0.10393162 0.95616438 0.20786325 0.08767123
1 0.49230769 0.03287671 0.18598291 0.06575342
1 0.86102564 0.71506849 0.27794872 0.12602740
1 0.91846154 0.38630137 0.16307692 0.13698630
1 0.33367521 0.33150685 0.18051282 0.11506849
1 0.52512821 0.36986301 0.08205128 0.10958904
1 0.23521368 0.01780822 0.09299145 0.03561644
1 0.12034188 0.30958904 0.24068376 0.10958904
