1 0.00290598 0.13150685 0.00581197 0.09315068
1 0.22188034 0.19178082 0.08205128 0.10958904
1 0.70324786 0.33424658 0.09299145 0.12054795
1 0.98017094 0.06575342 0.03965812 0.10410959
1 0.95965812 0.38904110 0.08068376 0.10410959
1 0.92205128 0.77808219 0.07658120 0.10958904
1 0.47897436 0.98493151 0.08752137 0.03013699
1 0.56649573 0.27945205 0.12581197 0.14794521
1 0.58837607 0.68493151 0.12034188 0.12602740
1 0.35316239 0.21917808 0.10393162 0.10410959
1 0.09059829 0.15890411 0.09299145 0.09315068
1 0.06717949 0.91506849 0.13435897 0.14246575
1 0.74700855 0.74520548 0.08752137 0.12054795
1 0.28752137 0.60273973 0.18051282 0.15342466
1 0.05230769 0.52054795 0.10393162 0.16438356
1 0.99794872 0.81095890 0.00410256 0.15342466
1 0.85641026 0.37260274 0.09846154 0.13698630
