1 0.090598 0.162100 0.153846 0.082192
1 0.270940 0.509132 0.097436 0.164384
1 0.167521 0.535388 0.082051 0.121005
1 0.018803 0.902968 0.034188 0.098174
1 0.555556 0.864155 0.082051 0.093607
1 0.205983 0.901826 0.234188 0.100457
1 0.709402 0.853881 0.119658 0.100457
1 0.935043 0.464612 0.129915 0.175799
1 0.913675 0.857306 0.169231 0.107306
1 0.780342 0.474886 0.104274 0.168950
1 0.238462 0.163242 0.066667 0.098174
1 0.528205 0.119863 0.430769 0.130137
1 0.906838 0.066210 0.186325 0.127854
1 0.402564 0.897260 0.076923 0.086758
