0 0.90598389 0.67580055 0.07179553 0.07306170
0 0.95640878 0.24086707 0.08718244 0.17123244
0 0.77606717 0.22260340 0.05128052 0.07534115
0 0.80683969 0.60959123 0.08888670 0.16895299
0 0.97179504 0.73402126 0.05640993 0.07077523
0 0.98290500 0.80593271 0.03419000 0.08219353
0 0.96239524 0.89612186 0.07520952 0.07077523
0 0.96837645 0.59018433 0.06324710 0.18493019
0 0.92051244 0.58561841 0.03589776 0.06620932
0 0.82906311 0.79452142 0.13675039 0.15068230
0 0.78547047 0.94063868 0.11452696 0.11872263
0 0.88461467 0.95319671 0.08376145 0.09360658
0 0.93247836 0.39840175 0.11795080 0.17123244
0 0.95726441 0.07876647 0.05469735 0.13013918
0 0.68888889 0.01712351 0.08205303 0.03424701
0 0.84957112 0.08904153 0.10940171 0.15981414
0 0.84871691 0.22716932 0.07692078 0.10273666
0 0.65128271 0.58218871 0.07521236 0.35159671
0 0.83675099 0.46689753 0.05298894 0.07534115
0 0.02649682 0.23515792 0.05299364 0.15068230
0 0.34016875 0.07192110 0.09572737 0.10730258
0 0.57607035 0.14269633 0.16068223 0.09360482
0 0.62393403 0.26141721 0.05128052 0.10273666
0 0.23076704 0.31620822 0.18119724 0.09360482
0 0.65128271 0.89725808 0.10598488 0.07762762
0 0.02393244 0.11643704 0.04786489 0.13241863
