1 0.017949 0.591324 0.032479 0.082192
1 0.660684 0.946347 0.148718 0.107306
1 0.841880 0.268265 0.316239 0.098174
1 0.535043 0.590183 0.136752 0.130137
1 0.354701 0.240868 0.186325 0.121005
1 0.190598 0.234018 0.087179 0.098174
1 0.237607 0.585616 0.211966 0.084475
1 0.551282 0.250000 0.152137 0.070776
1 0.822222 0.601598 0.352137 0.143836
1 0.151282 0.925799 0.049573 0.098174
1 0.234188 0.924658 0.064957 0.105023
1 0.384615 0.926941 0.054701 0.114155
1 0.506838 0.961187 0.076923 0.077626
1 0.094017 0.240868 0.054701 0.084475
