1 0.51179487 0.90684932 0.04923077 0.06575342
1 0.98290598 0.53424658 0.03418803 0.06575342
1 0.79076923 0.54520548 0.06017094 0.06575342
1 0.98564103 0.91232877 0.02871795 0.07123288
1 0.12888889 0.53424658 0.06017094 0.07123288
1 0.63213675 0.90136986 0.13128205 0.09863014
1 0.49538462 0.53972603 0.09299145 0.07671233
1 0.78529915 0.90136986 0.07658120 0.07671233
1 0.38598291 0.91232877 0.10393162 0.09863014
1 0.11247863 0.18356164 0.08752137 0.11506849
1 0.00837607 0.89589041 0.01675214 0.06027397
1 0.05777778 0.91232877 0.06017094 0.06575342
1 0.17264957 0.90136986 0.09299145 0.09315068
1 0.01931624 0.18356164 0.03863248 0.13150685
1 0.30393162 0.20547945 0.10393162 0.15890411
1 0.76341880 0.20547945 0.11487179 0.15890411
1 0.54461538 0.19452055 0.23521368 0.13150685
1 0.27658120 0.55068493 0.12034188 0.09863014
