1 0.84991453 0.38356164 0.07658120 0.09315068
1 0.01196581 0.50958904 0.02393162 0.09863014
1 0.45059829 0.97123288 0.12034188 0.05753425
1 0.59282051 0.98630137 0.15316239 0.02739726
1 0.27555556 0.59726027 0.09846154 0.14794521
1 0.87726496 0.74520548 0.08752137 0.12054795
1 0.57094017 0.29589041 0.25709402 0.15890411
1 0.99606838 0.42739726 0.00786325 0.12054795
1 0.60923077 0.67945205 0.16957265 0.14246575
1 0.19897436 0.20273973 0.13128205 0.14246575
1 0.72957265 0.01780822 0.14222222 0.03561644
