0 0.25983114 0.88356208 0.06153802 0.06849578
0 0.37862914 0.83903912 0.03589776 0.03424789
0 0.40769324 0.88127562 0.05641277 0.08219353
0 0.01196652 0.51598115 0.02393305 0.05022510
0 0.15128364 0.58333370 0.03589776 0.05707748
0 0.03504126 0.18264811 0.04957210 0.06392986
0 0.36666322 0.45319452 0.05298894 0.07534115
0 0.33504350 0.73173655 0.03760618 0.06164340
0 0.59743256 0.48858564 0.04615527 0.06849578
0 0.09145403 0.08104767 0.02905709 0.03424789
0 0.06581377 0.49657425 0.03248093 0.02968197
