1 0.84991453 0.22191781 0.05470085 0.07123288
1 0.28649573 0.96027397 0.07111111 0.07945205
1 0.55452991 0.24383562 0.06017094 0.08767123
1 0.49982906 0.60000000 0.08205128 0.08219178
1 0.05299145 0.97123288 0.10598291 0.05753425
1 0.29743590 0.26027397 0.07111111 0.08767123
1 0.29743590 0.62191781 0.07111111 0.09863014
1 0.40683761 0.95342466 0.07111111 0.09315068
1 0.54358974 0.95616438 0.03829060 0.07123288
1 0.78427350 0.92876712 0.06017094 0.08219178
1 0.86085470 0.59452055 0.04923077 0.07123288
1 0.99333333 0.21095890 0.01333333 0.06027397
