1 0.92136752 0.51780822 0.15726496 0.12054795
1 0.98017094 0.11780822 0.03965812 0.12054795
1 0.75247863 0.50136986 0.08752137 0.10958904
1 0.36410256 0.09041096 0.12581197 0.16986301
1 0.17811966 0.87397260 0.12034188 0.09863014
1 0.72717949 0.92328767 0.54564103 0.15342466
1 0.13435897 0.47945205 0.26256410 0.12602740
1 0.44615385 0.49589041 0.22427350 0.15342466
1 0.07965812 0.06164384 0.10940171 0.12328767
1 0.75794872 0.09589041 0.13675214 0.13698630
1 0.52820513 0.12876712 0.07111111 0.10958904
1 0.89470085 0.13424658 0.06017094 0.13150685
1 0.35316239 0.90684932 0.07111111 0.08767123
