1 0.05880342 0.27397260 0.04376068 0.07671233
1 0.15179487 0.29041096 0.07658120 0.09863014
0 0.51829060 0.07671233 0.04376068 0.06575342
1 0.04444444 0.96164384 0.08888889 0.07671233
1 0.08615385 0.64657534 0.06017094 0.07671233
1 0.24478632 0.68493151 0.10393162 0.08767123
1 0.61675214 0.33424658 0.08752137 0.15342466
1 0.89025641 0.33424658 0.15316239 0.13698630
1 0.49094017 0.68493151 0.10393162 0.13150685
1 0.64957265 0.69041096 0.12034188 0.14246575
0 0.70427350 0.01780822 0.08205128 0.03561644
