1 0.05914530 0.14520548 0.11829060 0.09863014
1 0.61880342 0.17260274 0.08205128 0.07123288
1 0.30153846 0.16164384 0.12581197 0.09863014
1 0.70632479 0.85205479 0.09846154 0.11506849
1 0.75008547 0.16712329 0.08752137 0.08219178
1 0.48205128 0.15616438 0.13675214 0.09863014
1 0.90871795 0.17260274 0.15316239 0.09863014
1 0.34529915 0.83013699 0.20239316 0.13150685
1 0.87589744 0.85753425 0.16957265 0.13698630
1 0.83760684 0.50136986 0.19145299 0.12054795
1 0.54769231 0.50136986 0.30085470 0.12054795
1 0.17025641 0.49041096 0.33367521 0.12054795
1 0.11658120 0.82465753 0.23316239 0.12054795
1 0.17025641 0.16712329 0.06564103 0.06027397
1 0.55863248 0.85205479 0.10940171 0.09315068
