1 0.97367521 0.67397260 0.05264957 0.06575342
1 0.26358974 0.02739726 0.20239316 0.05479452
1 0.31829060 0.36712329 0.08205128 0.09315068
1 0.43863248 0.35616438 0.09846154 0.08767123
1 0.70119658 0.01643836 0.09846154 0.03287671
1 0.34564103 0.71232877 0.04923077 0.07123288
1 0.51521368 0.70684932 0.08752137 0.09315068
1 0.47692308 0.02602740 0.10940171 0.05205479
1 0.07435897 0.04383562 0.14871795 0.07123288
1 0.06119658 0.73972603 0.08752137 0.08767123
1 0.12136752 0.38356164 0.05470085 0.08767123
1 0.24717949 0.72876712 0.07658120 0.08219178
1 0.65196581 0.71232877 0.08205128 0.08767123
1 0.59179487 0.35616438 0.04923077 0.07671233
1 0.64102564 0.35068493 0.03829060 0.08219178
1 0.82153846 0.01095890 0.05470085 0.02191781
1 0.82153846 0.32876712 0.05470085 0.05479452
1 0.96273504 0.32876712 0.07452991 0.05479452
