1 0.13982906 0.23287671 0.07111111 0.12602740
1 0.23282051 0.24931507 0.07658120 0.12054795
1 0.22735043 0.60547945 0.07111111 0.09863014
1 0.34769231 0.60000000 0.07658120 0.09315068
1 0.59931624 0.94520548 0.06017094 0.09315068
1 0.71418803 0.94794521 0.09299145 0.10410959
1 0.73059829 0.26027397 0.21333333 0.14794521
1 0.01521368 0.23835616 0.03042735 0.13150685
1 0.01794872 0.91780822 0.03589744 0.14246575
1 0.93504274 0.95068493 0.12991453 0.09863014
1 0.58837607 0.60000000 0.33367521 0.13150685
1 0.49538462 0.27671233 0.22974359 0.14246575
1 0.12888889 0.58904110 0.07658120 0.10958904
1 0.40786325 0.93972603 0.10940171 0.10410959
1 0.92136752 0.61643836 0.15726496 0.16438356
