1 0.975214 0.544521 0.049573 0.066210
1 0.308547 0.176941 0.059829 0.070776
1 0.890598 0.182648 0.071795 0.077626
1 0.580342 0.199772 0.056410 0.057078
1 0.202564 0.200913 0.066667 0.082192
1 0.752991 0.160959 0.059829 0.089041
1 0.710256 0.533105 0.066667 0.070776
1 0.049573 0.205479 0.064957 0.082192
1 0.736752 0.872146 0.126496 0.109589
1 0.288889 0.883562 0.088889 0.132420
1 0.889744 0.888128 0.121368 0.105023
1 0.163248 0.890411 0.104274 0.136986
1 0.412821 0.192922 0.049573 0.066210
1 0.035043 0.555936 0.049573 0.066210
