1 0.970085 0.454338 0.059829 0.109589
1 0.076068 0.380137 0.148718 0.116438
1 0.385470 0.398402 0.169231 0.098174
1 0.957265 0.756849 0.085470 0.121005
1 0.835897 0.100457 0.218803 0.132420
1 0.409402 0.057078 0.087179 0.105023
1 0.580342 0.076484 0.158974 0.121005
1 0.053846 0.046804 0.059829 0.089041
1 0.223932 0.051370 0.225641 0.098174
1 0.578632 0.417808 0.070085 0.086758
1 0.688034 0.423516 0.087179 0.102740
1 0.827350 0.425799 0.133333 0.102740
1 0.512821 0.746575 0.181197 0.082192
1 0.671795 0.752283 0.064957 0.061644
1 0.819658 0.764840 0.148718 0.073059
1 0.228205 0.396119 0.066667 0.075342
1 0.130769 0.707763 0.076923 0.077626
