1 0.20547009 0.62191781 0.26256410 0.13150685
1 0.86119658 0.67123288 0.27760684 0.12054795
1 0.37504274 0.30410959 0.09846154 0.12602740
1 0.91111111 0.34246575 0.09299145 0.14246575
1 0.80717949 0.96712329 0.09846154 0.06575342
1 0.73059829 0.32054795 0.10393162 0.13698630
1 0.59384615 0.02739726 0.21880342 0.05479452
1 0.80170940 0.02328767 0.13128205 0.04657534
1 0.53914530 0.95068493 0.26256410 0.09863014
1 0.53914530 0.29863014 0.14769231 0.16438356
1 0.50085470 0.64383562 0.21333333 0.15342466
1 0.94735043 0.03424658 0.10529915 0.06849315
1 0.18905983 0.94109589 0.21880342 0.11780822
1 0.15333333 0.28219178 0.30666667 0.15890411
1 0.66495726 0.66575342 0.07111111 0.12602740
