1 0.98290598 0.78356164 0.03418803 0.09863014
1 0.84000000 0.77808219 0.12581197 0.10958904
1 0.25470085 0.34520548 0.24068376 0.14794521
1 0.03846154 0.32328767 0.07692308 0.12602740
1 0.49538462 0.35068493 0.20239316 0.19726027
1 0.66495726 0.76164384 0.15316239 0.10958904
1 0.39692308 0.75616438 0.25709402 0.11506849
1 0.85299145 0.02191781 0.29401709 0.04383562
1 0.53367521 0.00821918 0.24068376 0.01643836
1 0.81606838 0.36712329 0.36786325 0.16438356
1 0.13982906 0.74520548 0.07658120 0.09315068
