1 0.47008547 0.13424658 0.05470085 0.05479452
1 0.03264957 0.17260274 0.06529915 0.07671233
1 0.90735043 0.10136986 0.18529915 0.09863014
1 0.69982906 0.82465753 0.28991453 0.10410959
1 0.24034188 0.15068493 0.09846154 0.09863014
1 0.30598291 0.84657534 0.06564103 0.09315068
1 0.09811966 0.87397260 0.06017094 0.08219178
1 0.45914530 0.83561644 0.05470085 0.08767123
1 0.02307692 0.88493151 0.04615385 0.08219178
1 0.34427350 0.14520548 0.07658120 0.07123288
1 0.93504274 0.81917808 0.07658120 0.09315068
