1 0.81162393 0.91506849 0.07111111 0.12054795
1 0.48341880 0.43835616 0.12581197 0.12602740
1 0.36854701 0.06438356 0.08205128 0.12876712
1 0.61470085 0.09863014 0.08752137 0.12054795
1 0.99333333 0.58082192 0.01333333 0.10958904
1 0.76786325 0.10958904 0.15316239 0.12602740
1 0.60923077 0.86575342 0.11487179 0.13150685
1 0.01196581 0.71232877 0.02393162 0.12602740
1 0.98102564 0.18630137 0.03794872 0.13698630
1 0.16615385 0.74520548 0.08752137 0.11506849
1 0.14974359 0.03698630 0.09299145 0.07397260
1 0.12239316 0.35068493 0.07111111 0.08767123
