1 0.71179487 0.33150685 0.25709402 0.10410959
1 0.04410256 0.66027397 0.08820513 0.08219178
0 0.84854701 0.89041096 0.21880342 0.09863014
1 0.72273504 0.01506849 0.25162393 0.03013699
1 0.20307692 0.30958904 0.28444444 0.06575342
1 0.48205128 0.01232877 0.16957265 0.02465753
1 0.95247863 0.33150685 0.09299145 0.08767123
1 0.97350427 0.02191781 0.05299145 0.04383562
1 0.52034188 0.33698630 0.06017094 0.06027397
1 0.32341880 0.67671233 0.09299145 0.05479452
1 0.85401709 0.69863014 0.06564103 0.04383562
