1 0.09316245 0.43036756 0.08034462 0.09360482
1 0.23247546 0.41438334 0.07521236 0.15296877
1 0.54615204 0.42465841 0.12136763 0.18721666
1 0.68632626 0.43493348 0.11111013 0.16666652
1 0.95128178 0.44406532 0.09743644 0.16210060
1 0.00683952 0.04565918 0.01367904 0.08675945
1 0.04187958 0.83105315 0.08375915 0.12785271
1 0.26922743 0.84132121 0.07008711 0.10730258
1 0.61880178 0.84475090 0.24615210 0.15524822
1 0.89999743 0.86072811 0.18632249 0.15981414
1 0.36580901 0.04680241 0.07862920 0.07077523
1 0.57777876 0.04680241 0.07862920 0.08903890
1 0.73076611 0.03881381 0.07008711 0.05479101
1 0.87179454 0.03539112 0.08546987 0.06620932
1 0.97435766 0.04223649 0.05128468 0.07990707
