1 0.55760684 0.89041096 0.07658120 0.08219178
1 0.63965812 0.16712329 0.09846154 0.09315068
1 0.67247863 0.86849315 0.06564103 0.07671233
1 0.42632479 0.91232877 0.12581197 0.08219178
1 0.20752137 0.88493151 0.06017094 0.08219178
1 0.92410256 0.86849315 0.06017094 0.08767123
1 0.76547009 0.16712329 0.07658120 0.08767123
1 0.88581197 0.14520548 0.08752137 0.08219178
1 0.51931624 0.16712329 0.08752137 0.09863014
1 0.05726496 0.21095890 0.11452991 0.13150685
1 0.98803419 0.14520548 0.02393162 0.05479452
1 0.32239316 0.18356164 0.21880342 0.13698630
