1 0.300000 0.644977 0.070085 0.066210
1 0.458974 0.628995 0.049573 0.066210
1 0.644444 0.261416 0.054701 0.066210
1 0.916239 0.925799 0.167521 0.093607
1 0.321368 0.267123 0.153846 0.082192
1 0.920513 0.600457 0.155556 0.118721
1 0.747863 0.607306 0.076923 0.082192
1 0.529060 0.261416 0.070085 0.070776
1 0.211966 0.634703 0.075214 0.100457
1 0.036752 0.294521 0.066667 0.100457
1 0.639316 0.940639 0.119658 0.082192
1 0.058974 0.634703 0.094017 0.109589
1 0.097436 0.963470 0.143590 0.073059
1 0.359829 0.963470 0.049573 0.073059
1 0.976923 0.255708 0.046154 0.054795
1 0.778632 0.933790 0.076923 0.082192
