1 0.92752137 0.44931507 0.08205128 0.07123288
1 0.82358974 0.43835616 0.09846154 0.07123288
1 0.70871795 0.43835616 0.10393162 0.08767123
1 0.09606838 0.74520548 0.07658120 0.10958904
1 0.06717949 0.73972603 0.13435897 0.12054795
1 0.28205128 0.39452055 0.08205128 0.07123288
1 0.22188034 0.75616438 0.09846154 0.10958904
1 0.57196581 0.42191781 0.06017094 0.09863014
1 0.02478632 0.73972603 0.04957265 0.12602740
1 0.40239316 0.77260274 0.12034188 0.11506849
1 0.39692308 0.40547945 0.09299145 0.06575342
1 0.65401709 0.78356164 0.24615385 0.13150685
1 0.88376068 0.81095890 0.11487179 0.14246575
1 0.12888889 0.38904110 0.11487179 0.10410959
