1 0.06564103 0.19452055 0.12581197 0.13698630
1 0.30632479 0.90684932 0.12034188 0.08219178
1 0.88615385 0.54520548 0.18598291 0.10410959
1 0.90803419 0.90136986 0.13675214 0.10410959
1 0.37743590 0.19452055 0.35008547 0.13150685
1 0.08752137 0.55616438 0.17504274 0.16986301
1 0.57982906 0.90136986 0.27350427 0.12054795
1 0.65094017 0.22739726 0.09299145 0.11506849
1 0.77675214 0.20547945 0.08752137 0.07123288
1 0.87521368 0.20547945 0.07111111 0.10410959
1 0.27897436 0.56164384 0.06564103 0.08767123
1 0.41025641 0.55616438 0.06017094 0.07123288
1 0.67282051 0.56164384 0.19692308 0.07671233
