1 0.60923077 0.15890411 0.07658120 0.09863014
1 0.43418803 0.15342466 0.18598291 0.08767123
1 0.06666667 0.78356164 0.13333333 0.12054795
1 0.43418803 0.48767123 0.31726496 0.13698630
1 0.93726496 0.53698630 0.12547009 0.13698630
1 0.14427350 0.46027397 0.17504274 0.13150685
1 0.72410256 0.50958904 0.19145299 0.12054795
1 0.37948718 0.80547945 0.45948718 0.14246575
1 0.09504274 0.10958904 0.10393162 0.16986301
1 0.83333333 0.86575342 0.33333333 0.15342466
1 0.88940171 0.20821918 0.22119658 0.14794521
1 0.29196581 0.14246575 0.06564103 0.10958904
