1 0.07658120 0.55890411 0.14769231 0.11506849
1 0.97452991 0.14794521 0.05094017 0.09315068
1 0.71111111 0.51506849 0.20786325 0.10958904
1 0.31179487 0.90410959 0.13128205 0.13150685
1 0.79863248 0.87123288 0.20239316 0.08219178
1 0.45948718 0.15342466 0.26256410 0.15342466
0 0.57982906 0.97260274 0.09846154 0.05479452
1 0.83692308 0.15342466 0.13128205 0.08219178
1 0.93076923 0.49863014 0.13846154 0.10958904
1 0.37743590 0.54246575 0.39384615 0.15342466
1 0.08752137 0.19178082 0.16410256 0.16438356
1 0.70564103 0.15890411 0.06564103 0.10410959
