1 0.624786 0.179224 0.066667 0.098174
1 0.417094 0.157534 0.075214 0.100457
1 0.613675 0.837900 0.099145 0.082192
1 0.312821 0.820776 0.064957 0.070776
1 0.100000 0.140411 0.076923 0.098174
1 0.019658 0.794521 0.035897 0.082192
1 0.526496 0.167808 0.071795 0.098174
1 0.318803 0.163242 0.070085 0.116438
1 0.717949 0.196347 0.082051 0.114155
1 0.477778 0.820776 0.087179 0.102740
1 0.215385 0.152968 0.082051 0.105023
1 0.858974 0.853881 0.282051 0.127854
1 0.972650 0.208904 0.054701 0.111872
1 0.223932 0.810502 0.030769 0.041096
1 0.173504 0.820776 0.032479 0.047945
