1 0.64752137 0.61917808 0.04923077 0.06575342
1 0.24273504 0.61917808 0.05470085 0.07123288
1 0.31384615 0.95616438 0.09846154 0.08767123
1 0.02700855 0.62465753 0.05401709 0.10958904
1 0.65299145 0.25753425 0.07658120 0.09863014
1 0.84444444 0.95068493 0.06564103 0.09863014
1 0.92649573 0.61917808 0.09299145 0.11506849
1 0.46700855 0.25205479 0.12034188 0.11506849
1 0.74051282 0.25753425 0.07658120 0.06575342
1 0.71316239 0.61917808 0.04923077 0.05479452
1 0.36854701 0.61917808 0.06564103 0.04383562
