1 0.02376068 0.18082192 0.04752137 0.07123288
1 0.52615385 0.84383562 0.06564103 0.08767123
1 0.11589744 0.18630137 0.08205128 0.06027397
1 0.70119658 0.48767123 0.09846154 0.08219178
1 0.98051282 0.47671233 0.03897436 0.07671233
1 0.52615385 0.14794521 0.08752137 0.08219178
1 0.37846154 0.15342466 0.11487179 0.07671233
1 0.27452991 0.50410959 0.07658120 0.07671233
1 0.38393162 0.50410959 0.12581197 0.08219178
1 0.61914530 0.83287671 0.08205128 0.09315068
1 0.83247863 0.47123288 0.12581197 0.12054795
1 0.41128205 0.84931507 0.07111111 0.09315068
1 0.89264957 0.82191781 0.09299145 0.12054795
1 0.67384615 0.13150685 0.05470085 0.08219178
1 0.74495726 0.14246575 0.04923077 0.06575342
1 0.08307692 0.52602740 0.04923077 0.08767123
1 0.83247863 0.13150685 0.07658120 0.06575342
1 0.01965812 0.88219178 0.03931624 0.06027397
