1 0.02837607 0.86301370 0.05675214 0.07123288
1 0.84991453 0.88493151 0.06017094 0.08219178
1 0.24273504 0.85753425 0.05470085 0.08219178
1 0.58188034 0.88493151 0.06017094 0.08767123
1 0.12239316 0.85753425 0.07111111 0.08219178
1 0.60376068 0.51780822 0.06564103 0.09863014
1 0.04888889 0.48493151 0.09777778 0.08219178
1 0.72957265 0.87945205 0.10393162 0.10410959
1 0.14427350 0.13972603 0.07658120 0.11506849
1 0.03384615 0.15068493 0.06769231 0.14246575
1 0.86632479 0.17808219 0.08752137 0.13698630
1 0.98376068 0.89589041 0.03247863 0.06027397
1 0.42324786 0.88493151 0.12034188 0.12054795
1 0.97282051 0.18356164 0.05435897 0.13150685
1 0.58188034 0.16712329 0.11487179 0.14794521
