1 0.02615385 0.31506849 0.05230769 0.09863014
1 0.90085470 0.17260274 0.19829060 0.13698630
1 0.94940171 0.94246575 0.07111111 0.11506849
1 0.97333333 0.57808219 0.05333333 0.13698630
1 0.85641026 0.53424658 0.11487179 0.13698630
1 0.59384615 0.08493151 0.08205128 0.11506849
1 0.47897436 0.05068493 0.08752137 0.10136986
1 0.41880342 0.41917808 0.20786325 0.14246575
1 0.12888889 0.71506849 0.12581197 0.12054795
1 0.71418803 0.11232877 0.08205128 0.11506849
1 0.84000000 0.91232877 0.11487179 0.15342466
1 0.66495726 0.85753425 0.12581197 0.13150685
1 0.28752137 0.75342466 0.19145299 0.14794521
1 0.16170940 0.33698630 0.09846154 0.13698630
1 0.61025641 0.47397260 0.10393162 0.12602740
1 0.50085470 0.81917808 0.12581197 0.15342466
