1 0.60923077 0.24931507 0.06017094 0.09863014
1 0.54358974 0.96164384 0.06017094 0.07123288
1 0.24273504 0.60547945 0.07111111 0.09863014
1 0.74598291 0.61643836 0.06564103 0.08219178
1 0.39589744 0.61643836 0.07658120 0.09315068
1 0.98786325 0.26575342 0.02427350 0.09863014
1 0.97145299 0.97397260 0.05709402 0.05205479
1 0.56547009 0.61643836 0.08752137 0.11506849
1 0.51076923 0.23287671 0.08205128 0.12054795
1 0.73504274 0.26027397 0.08205128 0.10410959
1 0.09264957 0.60000000 0.18529915 0.14246575
1 0.33025641 0.94794521 0.24068376 0.10410959
1 0.72957265 0.95205479 0.10940171 0.09589041
1 0.06803419 0.92876712 0.13606838 0.14246575
