1 0.87162393 0.93698630 0.25675214 0.10958904
1 0.24273504 0.57534247 0.22974359 0.16986301
1 0.18803419 0.92739726 0.19692308 0.14520548
1 0.43965812 0.57534247 0.09846154 0.13698630
1 0.57094017 0.23561644 0.10393162 0.13150685
1 0.93452991 0.25205479 0.13094017 0.13150685
1 0.13880342 0.22465753 0.10940171 0.15890411
1 0.40683761 0.22465753 0.19145299 0.15890411
1 0.72410256 0.23561644 0.13675214 0.13150685
1 0.84017094 0.60273973 0.31965812 0.13698630
1 0.26461538 0.21369863 0.06564103 0.08767123
1 0.06769231 0.53698630 0.09299145 0.11506849
1 0.50529915 0.93013699 0.37196581 0.13972603
