1 0.69128205 0.27945205 0.07111111 0.07123288
1 0.23726496 0.30136986 0.10393162 0.07671233
1 0.42871795 0.29041096 0.07111111 0.06575342
1 0.64205128 0.97534247 0.07658120 0.04931507
1 0.54905983 0.63013699 0.06017094 0.06575342
1 0.80068376 0.25753425 0.06564103 0.08219178
1 0.94290598 0.26301370 0.07111111 0.07671233
1 0.72957265 0.98630137 0.04376068 0.02739726
1 0.73504274 0.63561644 0.04376068 0.07123288
1 0.80068376 0.64109589 0.04376068 0.08219178
1 0.31931624 0.65753425 0.04923077 0.06575342
