1 0.63418803 0.86301370 0.11487179 0.13698630
1 0.22940171 0.48493151 0.37196581 0.11506849
1 0.44820513 0.10684932 0.35008547 0.10958904
1 0.87487179 0.11780822 0.14769231 0.13698630
1 0.50837607 0.49589041 0.10940171 0.08767123
1 0.80341880 0.52328767 0.39316239 0.15890411
1 0.76000000 0.87945205 0.10940171 0.14246575
1 0.12547009 0.12328767 0.13128205 0.10410959
1 0.01897436 0.11232877 0.03794872 0.05479452
1 0.73811966 0.13424658 0.05470085 0.08219178
1 0.28957265 0.87397260 0.12581197 0.11506849
