1 0.42735043 0.43561644 0.24615385 0.12054795
1 0.61333333 0.13972603 0.08205128 0.10410959
1 0.76649573 0.15068493 0.09299145 0.07671233
1 0.90324786 0.16712329 0.10393162 0.11506849
1 0.12205128 0.41917808 0.24410256 0.10410959
1 0.65162393 0.47945205 0.10393162 0.12054795
1 0.29059829 0.77534247 0.12581197 0.10958904
1 0.90324786 0.50684932 0.17504274 0.12054795
1 0.05538462 0.08493151 0.08205128 0.08219178
1 0.24683761 0.07945205 0.21333333 0.09863014
1 0.06735043 0.77534247 0.13470085 0.09863014
1 0.60786325 0.81917808 0.24068376 0.10410959
1 0.94068376 0.86301370 0.11863248 0.15890411
