1 0.554701 0.946347 0.176068 0.107306
1 0.471795 0.486301 0.082051 0.114155
1 0.978632 0.131279 0.042735 0.148402
1 0.620513 0.535388 0.102564 0.121005
1 0.390598 0.886986 0.097436 0.148402
1 0.839316 0.509132 0.126496 0.114155
1 0.647863 0.092466 0.092308 0.098174
1 0.095726 0.480594 0.109402 0.152968
1 0.516239 0.092466 0.092308 0.148402
1 0.308547 0.492009 0.186325 0.143836
1 0.212821 0.105023 0.422222 0.205479
1 0.021368 0.920091 0.039316 0.159817
1 0.149573 0.913242 0.114530 0.173516
1 0.288034 0.912100 0.073504 0.121005
