1 0.71076923 0.10136986 0.13675214 0.10410959
1 0.20205128 0.73698630 0.18051282 0.12602740
1 0.98256410 0.82465753 0.03487179 0.10410959
1 0.38803419 0.75342466 0.10940171 0.11506849
1 0.89230769 0.46301370 0.21538462 0.15342466
1 0.63418803 0.44657534 0.14222222 0.13698630
1 0.96205128 0.12876712 0.07589744 0.11506849
1 0.06410256 0.38630137 0.12820513 0.13150685
1 0.71623932 0.78082192 0.38290598 0.13698630
1 0.39350427 0.08082192 0.43213675 0.16164384
1 0.85299145 0.13424658 0.06017094 0.11506849
1 0.18017094 0.41369863 0.05470085 0.09863014
1 0.29504274 0.41917808 0.07111111 0.10410959
1 0.40991453 0.43561644 0.07111111 0.10958904
1 0.04085470 0.72602740 0.08170940 0.14246575
