1 0.02051386 0.07533940 0.04102772 0.13241863
1 0.65811638 0.08675770 0.11281854 0.15981414
1 0.91196335 0.06392723 0.10769329 0.12785447
1 0.01538511 0.48402060 0.03077022 0.10045721
1 0.08889141 0.49657512 0.08205303 0.11187551
1 0.27350548 0.49429567 0.09231054 0.14840285
1 0.48119718 0.49200921 0.13845880 0.15296877
1 0.73760678 0.50912964 0.10085262 0.13698455
1 0.90512826 0.49657512 0.18974348 0.13470510
1 0.03675257 0.90410608 0.07350515 0.10502312
1 0.40940165 0.90410608 0.06666328 0.10502312
1 0.67436034 0.90639255 0.11452696 0.10958904
1 0.81623598 0.89954016 0.06324644 0.11415496
1 0.94273444 0.89726071 0.11453112 0.11872088
