1 0.57641026 0.32602740 0.10393162 0.09863014
1 0.92102564 0.30410959 0.08205128 0.11506849
1 0.72410256 0.31506849 0.12581197 0.12602740
1 0.32478632 0.36438356 0.17504274 0.16438356
1 0.12786325 0.03972603 0.21333333 0.07945205
1 0.14974359 0.71506849 0.24068376 0.13150685
1 0.41777778 0.02465753 0.27350427 0.04931507
1 0.37948718 0.71506849 0.12581197 0.07123288
1 0.83897436 0.68767123 0.16957265 0.06575342
1 0.62017094 0.68767123 0.06017094 0.06575342
1 0.63111111 0.01780822 0.04376068 0.03561644
