1 0.16871795 0.04931507 0.33743590 0.09863014
1 0.64102564 0.04109589 0.57982906 0.08219178
1 0.72307692 0.39178082 0.16410256 0.13698630
1 0.91623932 0.79726027 0.16752137 0.15890411
1 0.47692308 0.38082192 0.15316239 0.14246575
1 0.00324786 0.39178082 0.00649573 0.15890411
1 0.19247863 0.38630137 0.33367521 0.14246575
1 0.65743590 0.79178082 0.18598291 0.15890411
1 0.37846154 0.78082192 0.15863248 0.18082192
1 0.94495726 0.40273973 0.11008547 0.16438356
1 0.10444444 0.77534247 0.20888889 0.15890411
