0 0.62735086 0.17694159 0.10598488 0.16666652
0 0.73675257 0.13927101 0.06153802 0.10958904
0 0.82478507 0.37785600 0.03589776 0.05251156
0 0.57948718 0.72374356 0.04786369 0.08675945
0 0.35982955 0.71346849 0.08376145 0.12100734
0 0.26581060 0.80708033 0.11111013 0.21689162
0 0.22393337 0.96689666 0.04102302 0.06620668
0 0.37692072 0.93721249 0.04273843 0.08447299
0 0.65384533 0.91666805 0.17606498 0.16666389
0 0.66666546 0.76598005 0.06495486 0.11644142
0 0.77435876 0.83105315 0.05812119 0.10045721
0 0.88376046 0.74200723 0.08546987 0.11415496
