1 0.87589744 0.06849315 0.06564103 0.09863014
1 0.49846154 0.42465753 0.07111111 0.08767123
1 0.86495726 0.42465753 0.07111111 0.07671233
1 0.94700855 0.80273973 0.09299145 0.10958904
1 0.82666667 0.80273973 0.09846154 0.09315068
1 0.53675214 0.06986301 0.12034188 0.13972603
1 0.36170940 0.41917808 0.09846154 0.10410959
1 0.19760684 0.43013699 0.13128205 0.12054795
1 0.11555556 0.05753425 0.12581197 0.10958904
1 0.19760684 0.79726027 0.23521368 0.10958904
1 0.62427350 0.79726027 0.12581197 0.13698630
1 0.35623932 0.07260274 0.17504274 0.14520548
1 0.72273504 0.06301370 0.09846154 0.10958904
