1 0.33982906 0.13698630 0.05470085 0.06575342
1 0.96341880 0.83287671 0.06017094 0.06027397
1 0.08239316 0.88767123 0.16478632 0.07671233
1 0.83213675 0.11506849 0.14769231 0.12054795
1 0.62974359 0.85479452 0.06017094 0.06575342
1 0.42735043 0.13698630 0.09299145 0.08219178
1 0.25230769 0.87671233 0.05470085 0.06027397
1 0.35623932 0.87123288 0.06564103 0.06027397
1 0.25777778 0.13698630 0.06564103 0.08219178
1 0.01675214 0.16438356 0.03350427 0.08767123
1 0.85948718 0.82739726 0.09846154 0.07671233
1 0.73914530 0.83835616 0.08752137 0.08219178
1 0.13196581 0.14794521 0.09299145 0.09315068
1 0.57504274 0.12054795 0.12581197 0.12054795
1 0.49846154 0.84931507 0.09846154 0.09863014
