1 0.02837607 0.26575342 0.05675214 0.09315068
1 0.29196581 0.95890411 0.06017094 0.08219178
1 0.60923077 0.57260274 0.05470085 0.07123288
1 0.02700855 0.95753425 0.05401709 0.08493151
1 0.13333333 0.96575342 0.08205128 0.06849315
1 0.12786325 0.24931507 0.07111111 0.10410959
1 0.24273504 0.24383562 0.03282051 0.06575342
1 0.31384615 0.24931507 0.04923077 0.07123288
1 0.43418803 0.22191781 0.12034188 0.09315068
1 0.09504274 0.61643836 0.13675214 0.13150685
1 0.21538462 0.61095890 0.06017094 0.09315068
1 0.30290598 0.60000000 0.04376068 0.09315068
1 0.42324786 0.58904110 0.10940171 0.10410959
1 0.45059829 0.94520548 0.04923077 0.08219178
1 0.57094017 0.22191781 0.04376068 0.07123288
1 0.51076923 0.94520548 0.04376068 0.07123288
1 0.59829060 0.95616438 0.04376068 0.08219178
1 0.67487179 0.93972603 0.04923077 0.09863014
1 0.97282051 0.92328767 0.05435897 0.08219178
1 0.80068376 0.21095890 0.04376068 0.08219178
1 0.92649573 0.19452055 0.06017094 0.06575342
1 0.68034188 0.21643836 0.07658120 0.06027397
1 0.83897436 0.93424658 0.04376068 0.06027397
