1 0.82564103 0.14520548 0.09846154 0.08219178
1 0.27316239 0.55616438 0.26256410 0.09863014
1 0.09264957 0.93424658 0.08752137 0.11506849
1 0.59589744 0.90136986 0.11487179 0.10410959
1 0.94051282 0.13424658 0.04376068 0.07123288
1 0.28410256 0.20547945 0.10393162 0.08219178
1 0.39897436 0.18356164 0.07111111 0.07671233
1 0.48649573 0.18356164 0.05470085 0.09315068
1 0.57401709 0.16712329 0.04923077 0.04383562
1 0.63418803 0.18356164 0.05470085 0.06575342
1 0.02444444 0.23287671 0.04888889 0.07671233
1 0.13094017 0.21095890 0.04923077 0.08767123
1 0.94598291 0.86849315 0.06564103 0.10958904
1 0.29504274 0.91232877 0.09299145 0.10958904
1 0.68888889 0.55616438 0.08752137 0.07671233
1 0.03401709 0.57808219 0.06803419 0.07123288
