1 0.089744 0.132420 0.073504 0.077626
1 0.273504 0.159817 0.085470 0.086758
1 0.564103 0.180365 0.068376 0.091324
1 0.166667 0.776256 0.182906 0.082192
1 0.797436 0.213470 0.035897 0.052511
1 0.853846 0.861872 0.049573 0.066210
1 0.323932 0.800228 0.049573 0.066210
1 0.405983 0.811644 0.049573 0.066210
1 0.522222 0.825342 0.049573 0.066210
1 0.599145 0.501142 0.049573 0.066210
1 0.664103 0.204338 0.049573 0.066210
1 0.051282 0.441781 0.051282 0.066210
0 0.635897 0.924658 0.054701 0.063927
1 0.443590 0.174658 0.049573 0.066210
1 0.742735 0.206621 0.049573 0.066210
