1 0.41982906 0.01506849 0.06564103 0.03013699
1 0.75897436 0.34246575 0.06017094 0.07671233
1 0.20649573 0.30410959 0.08205128 0.07671233
1 0.87931624 0.34794521 0.10940171 0.08219178
1 0.28854701 0.64931507 0.22427350 0.10410959
1 0.58940171 0.68219178 0.06564103 0.10958904
1 0.90666667 0.69863014 0.06017094 0.09863014
1 0.49641026 0.99041096 0.12034188 0.01917808
1 0.52376068 0.01780822 0.05470085 0.03561644
1 0.63863248 0.02602740 0.06017094 0.05205479
1 0.19008547 0.96712329 0.06564103 0.06575342
