1 0.52034188 0.33424658 0.09846154 0.12054795
1 0.75555556 0.70684932 0.07111111 0.06575342
1 0.26324786 0.97945205 0.09299145 0.04109589
1 0.85948718 0.02191781 0.06564103 0.04383562
1 0.93059829 0.36712329 0.11487179 0.14794521
1 0.32888889 0.65753425 0.06017094 0.08219178
1 0.66803419 0.34520548 0.12581197 0.12054795
1 0.54769231 0.98493151 0.07658120 0.03013699
1 0.64615385 0.01643836 0.08205128 0.03287671
1 0.19760684 0.66849315 0.07111111 0.09863014
1 0.94153846 0.70136986 0.11487179 0.14246575
1 0.13196581 0.31780822 0.14222222 0.08219178
