1 0.67692308 0.03424658 0.12581197 0.06849315
1 0.52923077 0.03835616 0.12581197 0.07671233
1 0.58393162 0.97397260 0.33367521 0.05205479
1 0.21743590 0.03561644 0.21880342 0.07123288
1 0.87384615 0.35342466 0.15863248 0.14794521
1 0.67145299 0.69863014 0.31726496 0.16986301
1 0.79726496 0.02876712 0.07111111 0.05753425
1 0.90666667 0.03424658 0.11487179 0.06849315
1 0.41435897 0.33698630 0.61264957 0.16986301
1 0.15179487 0.69315068 0.08752137 0.18082192
1 0.26119658 0.68219178 0.07111111 0.16438356
1 0.36512821 0.68219178 0.08205128 0.16986301
