0 0.52307955 0.12785710 0.06837869 0.08219353
0 0.40769138 0.16552767 0.13162514 0.18036427
0 0.24444652 0.14840022 0.09231054 0.07306170
0 0.29231021 0.04680679 0.06837869 0.05251156
0 0.31281822 0.01255671 0.06495486 0.02511342
0 0.26495453 0.40867858 0.07521236 0.08219353
0 0.50854400 0.41552395 0.13845880 0.09589129
0 0.48632758 0.30707814 0.13504197 0.07534115
0 0.43846389 0.60730652 0.07350395 0.23287584
0 0.08290308 0.94862816 0.04957210 0.09817074
0 0.43418585 0.82990729 0.09914421 0.12557326
0 0.03162464 0.21460953 0.06324929 0.35616263
0 0.31795047 0.71347288 0.04444685 0.05251156
0 0.19743705 0.94291901 0.04957210 0.04565918
0 0.33845848 0.88812800 0.07862920 0.21461216
0 0.26495453 0.94406575 0.06153802 0.11186849
0 0.09572321 0.77055036 0.04786369 0.06164340
0 0.02564310 0.00913227 0.04444685 0.01826455
0 0.19059638 0.80022532 0.08717828 0.13927101
0 0.48718178 0.95205436 0.06495486 0.09589129
0 0.55042823 0.89155068 0.05812119 0.04337973
