0 0.53247770 0.13242038 0.20342066 0.26484077
0 0.93846482 0.78881315 0.05128052 0.04337973
0 0.98205254 0.64155353 0.03589492 0.17808482
0 0.35213467 0.97260230 0.15726539 0.05479540
0 0.77350455 0.68949918 0.10769329 0.13241863
0 0.30597941 0.19406378 0.24273526 0.38812756
0 0.11367746 0.73630159 0.09059512 0.36301501
0 0.37435810 0.78539047 0.27008394 0.32876712
0 0.09657928 0.38013896 0.13845880 0.14383693
0 0.20256416 0.86529753 0.07008711 0.07762762
0 0.77179613 0.47830970 0.12820830 0.25342597
0 0.53418612 0.37328658 0.19657999 0.20775978
0 0.92136665 0.71803792 0.07521236 0.10273666
