1 0.17914530 0.42465753 0.07658120 0.09315068
1 0.88905983 0.16712329 0.22188034 0.18082192
1 0.42529915 0.79726027 0.48136752 0.15342466
1 0.66051282 0.43561644 0.08205128 0.09863014
1 0.26666667 0.10684932 0.15863248 0.11506849
1 0.83555556 0.50136986 0.20239316 0.13698630
1 0.04307692 0.07945205 0.08615385 0.12054795
1 0.92188034 0.85205479 0.15623932 0.14794521
1 0.44170940 0.45205479 0.17504274 0.13150685
1 0.48547009 0.11780822 0.19692308 0.14794521
1 0.76991453 0.86301370 0.09846154 0.15342466
1 0.70427350 0.13972603 0.07658120 0.09863014
1 0.11897436 0.76986301 0.08205128 0.11506849
1 0.05675214 0.43561644 0.11350427 0.08767123
1 0.29401709 0.44109589 0.08205128 0.13150685
