1 0.72717949 0.56712329 0.21880342 0.12602740
1 0.95658120 0.25479452 0.08683761 0.11506849
1 0.15982906 0.16712329 0.31965812 0.18082192
1 0.56307692 0.89589041 0.19145299 0.16438356
1 0.37162393 0.88493151 0.12034188 0.13698630
1 0.08871795 0.50684932 0.17743590 0.14246575
1 0.89641026 0.93835616 0.20717949 0.12328767
1 0.18017094 0.87397260 0.15863248 0.15342466
1 0.39350427 0.55068493 0.12581197 0.11506849
1 0.53025641 0.56712329 0.10940171 0.11506849
1 0.88581197 0.59452055 0.07658120 0.13150685
1 0.71623932 0.91232877 0.04923077 0.08219178
1 0.66153846 0.23287671 0.48683761 0.13150685
