1 0.554701 0.084475 0.059829 0.082192
1 0.670085 0.067352 0.054701 0.061644
1 0.860684 0.077626 0.087179 0.082192
1 0.111111 0.394977 0.164103 0.082192
1 0.741026 0.753425 0.066667 0.082192
1 0.450427 0.746575 0.059829 0.077626
1 0.532479 0.412100 0.059829 0.070776
1 0.735043 0.407534 0.071795 0.098174
1 0.170940 0.073059 0.164103 0.077626
1 0.029060 0.061644 0.054701 0.091324
1 0.958120 0.761416 0.080342 0.070776
1 0.430769 0.414384 0.064957 0.075342
1 0.978632 0.100457 0.042735 0.059361
1 0.631624 0.428082 0.059829 0.070776
1 0.764957 0.077626 0.059829 0.073059
1 0.409402 0.079909 0.059829 0.073059
1 0.306838 0.762557 0.046154 0.054795
1 0.100855 0.748858 0.047863 0.054795
1 0.035897 0.730594 0.047863 0.054795
1 0.541880 0.759132 0.071795 0.052511
