1 0.14324786 0.35616438 0.28649573 0.14246575
1 0.39589744 0.01506849 0.07658120 0.03013699
1 0.64752137 0.33972603 0.09846154 0.10958904
1 0.41230769 0.69589041 0.22974359 0.10410959
1 0.88273504 0.67945205 0.09299145 0.09315068
1 0.83897436 0.32876712 0.04923077 0.09863014
1 0.95504274 0.31232877 0.08991453 0.08767123
1 0.47247863 0.34520548 0.08205128 0.10958904
1 0.19350427 0.02602740 0.12034188 0.05205479
1 0.72957265 0.33972603 0.05470085 0.08219178
1 0.71316239 0.69589041 0.05470085 0.08219178
