1 0.94923077 0.55068493 0.10153846 0.14794521
1 0.03623932 0.09589041 0.07247863 0.11506849
1 0.45264957 0.13424658 0.11487179 0.12054795
1 0.81914530 0.95068493 0.28444444 0.09863014
1 0.16820513 0.10684932 0.13128205 0.12054795
1 0.60581197 0.12328767 0.09846154 0.14794521
1 0.31589744 0.11780822 0.10393162 0.12602740
1 0.08410256 0.92328767 0.16820513 0.12602740
1 0.45811966 0.93287671 0.33914530 0.13424658
1 0.64410256 0.53424658 0.09846154 0.12054795
1 0.74803419 0.12328767 0.10393162 0.13698630
1 0.39794872 0.52876712 0.24615385 0.15890411
1 0.00888889 0.50136986 0.01777778 0.13698630
