1 0.60923077 0.41095890 0.05470085 0.08219178
1 0.51076923 0.41643836 0.06017094 0.08767123
1 0.28102564 0.41095890 0.06564103 0.08219178
1 0.54358974 0.06027397 0.08205128 0.07123288
1 0.14974359 0.09315068 0.06564103 0.06575342
1 0.23726496 0.08219178 0.04376068 0.08219178
1 0.35760684 0.06575342 0.08752137 0.08767123
1 0.81162393 0.40000000 0.06564103 0.10958904
1 0.93196581 0.37260274 0.10393162 0.09315068
1 0.15521368 0.78904110 0.06564103 0.09315068
1 0.34119658 0.77808219 0.08752137 0.08767123
1 0.70222222 0.04931507 0.08205128 0.08767123
1 0.87726496 0.04246575 0.12581197 0.08493151
1 0.03384615 0.45479452 0.06769231 0.08767123
1 0.03111111 0.81643836 0.06222222 0.09315068
1 0.69675214 0.74520548 0.06564103 0.08219178
1 0.85538462 0.73972603 0.07658120 0.08219178
1 0.03521368 0.11506849 0.07042735 0.07671233
1 0.47794872 0.77260274 0.06017094 0.10958904
1 0.69675214 0.41095890 0.04923077 0.09315068
