1 0.343590 0.107306 0.099145 0.077626
1 0.539316 0.100457 0.049573 0.082192
1 0.085470 0.114155 0.099145 0.082192
1 0.747009 0.116438 0.064957 0.086758
1 0.320513 0.429224 0.094017 0.077626
1 0.547863 0.784247 0.076923 0.093607
1 0.944444 0.450913 0.111111 0.070776
1 0.504274 0.445205 0.126496 0.086758
1 0.627350 0.450913 0.082051 0.061644
1 0.116239 0.440639 0.229060 0.059361
1 0.331624 0.763699 0.109402 0.066210
1 0.729060 0.463470 0.049573 0.082192
1 0.450427 0.769406 0.049573 0.082192
1 0.834188 0.779680 0.041026 0.061644
