0 0.11452981 0.70547638 0.12991672 0.16895299
0 0.10341809 0.56621238 0.05982961 0.06392986
0 0.16751874 0.55708055 0.07521236 0.12328679
0 0.22991798 0.62328986 0.04273843 0.15981414
0 0.26752416 0.60273973 0.03589776 0.05022510
0 0.32307572 0.63013523 0.07179553 0.10958904
0 0.33760427 0.50113929 0.08034462 0.12557326
0 0.40939979 0.41666630 0.07692078 0.08903890
0 0.48290374 0.41095715 0.06666328 0.08675945
0 0.50427296 0.84474740 0.05128052 0.05479101
0 0.51025942 0.90639079 0.03589776 0.04109326
0 0.37435624 0.96689490 0.09572737 0.06621019
0 0.14957336 0.01826367 0.03931460 0.03652734
0 0.57008202 0.07305819 0.04615527 0.04109326
0 0.25555824 0.33790247 0.06666328 0.05936395
0 0.12478731 0.39383671 0.09914421 0.05707748
0 0.49486966 0.18493370 0.05982961 0.06849578
0 0.47521586 0.60959211 0.06153802 0.06849578
0 0.31281822 0.78995638 0.09914421 0.10502312
0 0.16324770 0.82534049 0.06324644 0.04337973
0 0.24530073 0.85730893 0.09059512 0.09360482
0 0.17606783 0.89383627 0.06837869 0.07534115
0 0.30683876 0.92808416 0.07692078 0.04794564
0 0.11196718 0.91324318 0.04957210 0.08219353
0 0.08803534 0.83790203 0.04957210 0.06392986
0 0.18290850 0.97945118 0.07521236 0.04109764
0 0.41367784 0.78766992 0.08205303 0.12785271
0 0.02222310 0.56734860 0.04444619 0.12100734
0 0.02820431 0.90182488 0.05640862 0.06392986
