1 0.26358974 0.96712329 0.20239316 0.06575342
0 0.96376068 0.05205479 0.06017094 0.07123288
1 0.06119658 0.66027397 0.12034188 0.08767123
1 0.70119658 0.97260274 0.09846154 0.05479452
1 0.98598291 0.60547945 0.02803419 0.07123288
1 0.50974359 0.62739726 0.08205128 0.09315068
1 0.65196581 0.63287671 0.08752137 0.09315068
1 0.23623932 0.64383562 0.10940171 0.09863014
1 0.02786325 0.30958904 0.05572650 0.08767123
1 0.86529915 0.26027397 0.06564103 0.07671233
1 0.98324786 0.24931507 0.03350427 0.09863014
1 0.29094017 0.28219178 0.22427350 0.10410959
1 0.47692308 0.97397260 0.10940171 0.05205479
1 0.77777778 0.26027397 0.09846154 0.09315068
1 0.75042735 0.61643836 0.07658120 0.07671233
1 0.82153846 0.98356164 0.05470085 0.03287671
1 0.91452991 0.97260274 0.05470085 0.03835616
