1 0.69333333 0.38356164 0.08752137 0.07671233
1 0.84102564 0.75616438 0.09846154 0.11506849
1 0.97247863 0.75616438 0.05504274 0.12602740
1 0.08410256 0.70136986 0.16820513 0.14794521
1 0.70974359 0.73972603 0.12581197 0.12602740
1 0.22290598 0.72328767 0.08752137 0.12602740
1 0.32136752 0.72328767 0.08205128 0.12054795
1 0.88478632 0.41095890 0.15316239 0.15890411
1 0.47452991 0.72328767 0.13128205 0.12054795
1 0.24820513 0.37808219 0.49641026 0.19178082
1 0.13538462 0.06575342 0.17504274 0.09863014
1 0.31042735 0.06027397 0.13128205 0.12054795
1 0.47452991 0.06575342 0.08205128 0.10958904
1 0.60034188 0.06027397 0.05470085 0.12054795
1 0.79726496 0.07123288 0.11487179 0.09315068
