1 0.87623932 0.19726027 0.06017094 0.07671233
1 0.23076923 0.93698630 0.05470085 0.06575342
1 0.21435897 0.24109589 0.13675214 0.07123288
1 0.03059829 0.26849315 0.06119658 0.08219178
1 0.20341880 0.59178082 0.09846154 0.10958904
0 0.70666667 0.49315068 0.06564103 0.05479452
0 0.61367521 0.25205479 0.04923077 0.07671233
1 0.11589744 0.95342466 0.05470085 0.04931507
1 0.48239316 0.92602740 0.03829060 0.06027397
1 0.55350427 0.92602740 0.05470085 0.04931507
1 0.37299145 0.23561644 0.05470085 0.07123288
1 0.54803419 0.56986301 0.06564103 0.07671233
