1 0.32581197 0.24109589 0.09846154 0.09315068
1 0.43521368 0.58082192 0.08205128 0.12054795
1 0.14529915 0.55342466 0.13128205 0.12602740
1 0.63760684 0.93698630 0.24068376 0.12602740
1 0.17811966 0.22465753 0.10393162 0.09315068
1 0.67589744 0.26849315 0.22974359 0.12054795
1 0.48444444 0.25753425 0.14769231 0.12054795
1 0.12341880 0.88767123 0.15863248 0.11506849
1 0.04803419 0.21917808 0.09606838 0.10958904
1 0.29846154 0.89863014 0.15316239 0.11506849
1 0.61025641 0.59178082 0.20786325 0.11506849
1 0.29299145 0.56986301 0.11487179 0.11506849
1 0.85094017 0.61917808 0.16957265 0.12602740
1 0.83452991 0.94794521 0.07111111 0.09315068
1 0.95282051 0.94931507 0.09435897 0.10136986
1 0.90564103 0.30136986 0.09846154 0.08767123
0 0.17264957 0.36712329 0.09299145 0.07671233
