1 0.64205128 0.42465753 0.07111111 0.13150685
1 0.97692308 0.12328767 0.04615385 0.10958904
1 0.28649573 0.03287671 0.06564103 0.06575342
1 0.54905983 0.78630137 0.07111111 0.11506849
1 0.88273504 0.84109589 0.08752137 0.13698630
1 0.47247863 0.40821918 0.04923077 0.06575342
1 0.64752137 0.80273973 0.07658120 0.10958904
1 0.13230769 0.35342466 0.26461538 0.12602740
1 0.16615385 0.73150685 0.21333333 0.12602740
1 0.40136752 0.75342466 0.09846154 0.13150685
1 0.81162393 0.46301370 0.07111111 0.09863014
