1 0.28957265 0.78082192 0.07111111 0.09863014
1 0.68341880 0.08493151 0.11487179 0.13150685
1 0.66700855 0.45205479 0.08205128 0.10958904
1 0.88547009 0.10136986 0.22905983 0.13150685
1 0.10358974 0.12876712 0.05470085 0.07123288
1 0.21299145 0.10684932 0.11487179 0.09863014
1 0.56854701 0.78082192 0.39931624 0.10958904
1 0.47008547 0.10684932 0.28444444 0.11506849
1 0.08188034 0.43013699 0.16376068 0.09315068
1 0.05982906 0.78082192 0.07111111 0.08219178
1 0.16376068 0.76986301 0.10940171 0.14246575
1 0.80923077 0.43561644 0.13675214 0.14794521
1 0.36615385 0.43561644 0.33367521 0.12054795
1 0.82564103 0.78630137 0.07111111 0.10410959
