1 0.54222222 0.51506849 0.09299145 0.09315068
1 0.65162393 0.51506849 0.08205128 0.07671233
1 0.31794872 0.16438356 0.06017094 0.06575342
1 0.19760684 0.84383562 0.20239316 0.08767123
1 0.41094017 0.49863014 0.08205128 0.07123288
0 0.54222222 0.20821918 0.22427350 0.20821918
1 0.60239316 0.86027397 0.19692308 0.10958904
1 0.16717949 0.50410959 0.33435897 0.10410959
1 0.92427350 0.89315068 0.15145299 0.10958904
1 0.91333333 0.19178082 0.17333333 0.13698630
1 0.05094017 0.16438356 0.10188034 0.13150685
1 0.86495726 0.55890411 0.24615385 0.11506849
