1 0.69025641 0.88767123 0.06564103 0.09315068
1 0.05658120 0.89315068 0.11316239 0.15342466
1 0.86529915 0.18630137 0.07111111 0.08767123
1 0.90358974 0.55342466 0.07111111 0.09863014
1 0.19794872 0.52602740 0.07658120 0.09315068
1 0.49333333 0.19178082 0.11487179 0.12602740
1 0.44957265 0.52602740 0.13128205 0.11506849
1 0.96683761 0.20821918 0.06632479 0.12054795
1 0.04290598 0.18630137 0.08581197 0.14246575
1 0.31282051 0.19178082 0.08205128 0.06575342
1 0.88717949 0.91506849 0.09299145 0.08767123
