1 0.08273504 0.97123288 0.06017094 0.05753425
1 0.60786325 0.67397260 0.08205128 0.09315068
1 0.72820513 0.67945205 0.12581197 0.10410959
1 0.29606838 0.65753425 0.08752137 0.08767123
1 0.25777778 0.29589041 0.28991453 0.10410959
1 0.94700855 0.69041096 0.10393162 0.12054795
1 0.25230769 0.96986301 0.09846154 0.06027397
1 0.02905983 0.65205479 0.05811966 0.09315068
1 0.86495726 0.33972603 0.25162393 0.13698630
1 0.84307692 0.02876712 0.12034188 0.05753425
1 0.56410256 0.32876712 0.20239316 0.08219178
