1 0.93641026 0.37534247 0.06564103 0.12054795
1 0.82700855 0.74246575 0.08205128 0.10958904
1 0.81606838 0.37534247 0.10940171 0.10958904
1 0.70666667 0.76986301 0.09846154 0.09863014
1 0.46598291 0.40821918 0.12581197 0.11506849
1 0.59179487 0.05342466 0.21880342 0.10684932
1 0.26905983 0.07397260 0.20239316 0.14794521
1 0.20341880 0.42465753 0.32273504 0.14246575
1 0.30188034 0.78082192 0.20786325 0.12054795
1 0.06478632 0.08493151 0.12957265 0.15342466
1 0.76683761 0.03698630 0.10940171 0.07397260
1 0.58632479 0.40821918 0.06564103 0.10958904
1 0.69572650 0.38630137 0.03829060 0.09863014
1 0.48786325 0.75342466 0.09299145 0.08767123
1 0.58085470 0.75342466 0.05470085 0.06575342
1 0.41675214 0.07397260 0.06564103 0.08219178
