1 0.92581197 0.12602740 0.14837607 0.15342466
1 0.15418803 0.51506849 0.21333333 0.12602740
1 0.37846154 0.51506849 0.12034188 0.13150685
1 0.84341880 0.86575342 0.20239316 0.15342466
1 0.63555556 0.50410959 0.08752137 0.10958904
1 0.78324786 0.48767123 0.08205128 0.15342466
1 0.90358974 0.48767123 0.16410256 0.13698630
1 0.18153846 0.90410959 0.31726496 0.12054795
1 0.36205128 0.12602740 0.09299145 0.12602740
1 0.52068376 0.14246575 0.11487179 0.16438356
1 0.75589744 0.11506849 0.08752137 0.14794521
1 0.62461538 0.88219178 0.22974359 0.14794521
