1 0.12051282 0.78082192 0.24102564 0.14794521
1 0.86735043 0.33698630 0.12581197 0.21917808
1 0.90769231 0.78630137 0.18461538 0.18630137
1 0.28752137 0.03698630 0.09846154 0.07397260
1 0.62666667 0.76986301 0.20239316 0.16438356
1 0.03846154 0.39726027 0.07692308 0.13698630
1 0.38051282 0.78082192 0.25162393 0.15890411
1 0.95418803 0.03287671 0.09162393 0.06575342
1 0.21641026 0.39178082 0.16410256 0.15890411
1 0.40239316 0.39726027 0.15863248 0.16438356
1 0.13435897 0.04109589 0.14769231 0.08219178
1 0.65948718 0.04383562 0.22974359 0.08767123
