0 0.03162289 0.77853808 0.06324578 0.11872088
0 0.08974375 0.48173238 0.06324644 0.06392986
0 0.36153611 0.60959211 0.05641277 0.06392986
0 0.25726665 0.74999934 0.05298894 0.08903890
0 0.12478731 0.72831299 0.07521236 0.10502312
0 0.21196559 0.66323989 0.04786369 0.05707748
0 0.61282046 0.28539090 0.08034462 0.07306170
0 0.93076808 0.30593403 0.08034462 0.08219353
0 0.68803282 0.54566225 0.04615527 0.06392986
0 0.64615560 0.76598356 0.08205303 0.08903890
0 0.60512558 0.90411134 0.05128052 0.06849578
