1 0.79623932 0.88767123 0.08205128 0.09315068
1 0.30393162 0.92054795 0.07111111 0.09863014
1 0.80717949 0.51506849 0.04923077 0.05479452
1 0.60478632 0.90958904 0.06564103 0.12054795
1 0.35316239 0.56438356 0.05470085 0.06575342
1 0.70324786 0.90958904 0.09846154 0.12054795
1 0.98974359 0.50958904 0.02051282 0.09863014
1 0.05777778 0.94794521 0.09299145 0.09863014
1 0.24923077 0.20273973 0.09299145 0.10410959
1 0.47897436 0.92465753 0.14769231 0.15068493
1 0.13982906 0.19178082 0.07658120 0.09863014
1 0.57196581 0.16438356 0.12581197 0.12054795
1 0.39692308 0.19178082 0.09846154 0.12054795
1 0.51179487 0.54246575 0.12581197 0.15342466
