1 0.69230769 0.17260274 0.06564103 0.09863014
1 0.07418803 0.61095890 0.06017094 0.06575342
1 0.42974359 0.57808219 0.06017094 0.07671233
1 0.79076923 0.90136986 0.07658120 0.09315068
1 0.44615385 0.20000000 0.08752137 0.08767123
1 0.27111111 0.94520548 0.09299145 0.10958904
1 0.27658120 0.57260274 0.10940171 0.10410959
1 0.09059829 0.22191781 0.12034188 0.09315068
1 0.80170940 0.16164384 0.10393162 0.13150685
1 0.57196581 0.92328767 0.09299145 0.10958904
1 0.28752137 0.21643836 0.12581197 0.10958904
1 0.73059829 0.53972603 0.13128205 0.12602740
