1 0.07076923 0.09315068 0.06017094 0.08219178
1 0.97709402 0.35068493 0.04581197 0.17534247
1 0.00119658 0.06027397 0.00239316 0.08219178
1 0.77094017 0.27397260 0.05470085 0.07123288
1 0.66700855 0.25205479 0.05470085 0.07671233
1 0.42632479 0.20821918 0.06564103 0.08767123
1 0.31692308 0.16986301 0.06564103 0.10958904
1 0.56307692 0.23013699 0.06564103 0.09315068
1 0.44820513 0.93150685 0.12034188 0.12054795
1 0.06000000 0.45479452 0.12000000 0.15890411
1 0.67247863 0.64657534 0.09846154 0.13698630
1 0.93743590 0.73972603 0.12512821 0.13150685
