1 0.70564103 0.60000000 0.07658120 0.10410959
1 0.82051282 0.61095890 0.08205128 0.10958904
1 0.74940171 0.95890411 0.20786325 0.08219178
1 0.41025641 0.61643836 0.07111111 0.06575342
1 0.54153846 0.63287671 0.08205128 0.09863014
1 0.98410256 0.96575342 0.03179487 0.06849315
1 0.52512821 0.27123288 0.08752137 0.10410959
1 0.62905983 0.27123288 0.10393162 0.10958904
1 0.77128205 0.25479452 0.09299145 0.08219178
1 0.90803419 0.26027397 0.06564103 0.08219178
1 0.98136752 0.25479452 0.03726496 0.12602740
1 0.31179487 0.64931507 0.11487179 0.10410959
1 0.04376068 0.67671233 0.08752137 0.09863014
1 0.43213675 0.97397260 0.06564103 0.05205479
