1 0.77094017 0.96712329 0.05470085 0.06575342
1 0.86940171 0.96301370 0.06017094 0.07397260
1 0.21846154 0.24931507 0.06564103 0.07123288
1 0.69982906 0.60547945 0.08752137 0.08767123
1 0.35521368 0.97534247 0.08752137 0.04931507
1 0.96615385 0.95068493 0.06769231 0.09863014
1 0.34974359 0.61643836 0.08205128 0.09863014
1 0.88581197 0.18904110 0.21880342 0.12602740
1 0.39897436 0.23835616 0.12581197 0.10410959
1 0.59589744 0.20000000 0.10393162 0.12054795
1 0.51384615 0.96438356 0.15316239 0.07123288
