1 0.60683761 0.35068493 0.25162393 0.09863014
1 0.07623932 0.74520548 0.11487179 0.08767123
1 0.73811966 0.69589041 0.06564103 0.07123288
1 0.10358974 0.03835616 0.04376068 0.06027397
1 0.43179487 0.73424658 0.06564103 0.07671233
1 0.52478632 0.71780822 0.09846154 0.07671233
1 0.62324786 0.69589041 0.10393162 0.08767123
1 0.51384615 0.02191781 0.06564103 0.04383562
1 0.98529915 0.31780822 0.02940171 0.07123288
1 0.81470085 0.33972603 0.12034188 0.08767123
1 0.27863248 0.03150685 0.06017094 0.06301370
1 0.35521368 0.36712329 0.08752137 0.08219178
1 0.27863248 0.73424658 0.07658120 0.08767123
1 0.75452991 0.01917808 0.09846154 0.03835616
1 0.94974359 0.67945205 0.10051282 0.11506849
1 0.24034188 0.39452055 0.10393162 0.08767123
