1 0.69982906 0.48219178 0.18598291 0.13698630
1 0.10905983 0.78356164 0.10940171 0.13698630
1 0.90051282 0.85479452 0.19897436 0.13698630
1 0.31692308 0.45479452 0.19692308 0.10958904
1 0.27863248 0.79452055 0.09846154 0.12054795
1 0.17470085 0.10958904 0.17504274 0.12054795
1 0.49743590 0.82191781 0.11487179 0.13698630
1 0.49196581 0.14794521 0.20786325 0.14794521
1 0.77641026 0.17534247 0.26803419 0.15342466
1 0.97025641 0.19178082 0.05948718 0.10410959
1 0.88581197 0.51506849 0.07658120 0.14794521
1 0.49743590 0.48767123 0.09846154 0.12602740
1 0.67247863 0.84383562 0.15863248 0.12054795
1 0.02170940 0.09863014 0.04341880 0.10958904
1 0.08188034 0.43835616 0.16376068 0.09863014
1 0.31692308 0.12054795 0.06564103 0.14246575
