1 0.23076923 0.71232877 0.12034188 0.08767123
1 0.86529915 0.91506849 0.04376068 0.05479452
1 0.66837607 0.84383562 0.05470085 0.07123288
1 0.58085470 0.06849315 0.20786325 0.13698630
1 0.79418803 0.10958904 0.13675214 0.14794521
1 0.05572650 0.66301370 0.10940171 0.10958904
1 0.01555556 0.63013699 0.03111111 0.13698630
1 0.78324786 0.87123288 0.07658120 0.09315068
1 0.26358974 0.02328767 0.24615385 0.04657534
1 0.53162393 0.80000000 0.13675214 0.12054795
1 0.94632479 0.16986301 0.10735043 0.17534247
