1 0.50085470 0.07397260 0.04923077 0.06575342
1 0.68136752 0.05205479 0.04923077 0.07123288
1 0.61572650 0.04657534 0.04376068 0.06027397
1 0.96923077 0.03150685 0.06153846 0.06301370
1 0.76888889 0.03972603 0.08752137 0.07945205
1 0.06324786 0.83561644 0.09299145 0.08219178
1 0.69777778 0.77534247 0.10393162 0.08767123
1 0.84547009 0.76986301 0.06564103 0.07671233
1 0.59384615 0.78082192 0.08752137 0.08219178
1 0.94393162 0.73698630 0.06017094 0.08767123
1 0.04683761 0.10684932 0.09299145 0.09863014
1 0.27111111 0.07945205 0.06564103 0.08767123
1 0.24376068 0.81917808 0.09846154 0.09315068
1 0.41333333 0.80273973 0.12034188 0.10958904
