1 0.526496 0.251142 0.109402 0.136986
1 0.651282 0.968037 0.126496 0.059361
1 0.652137 0.239726 0.097436 0.136986
1 0.761538 0.623288 0.087179 0.141553
1 0.515385 0.961187 0.141880 0.077626
1 0.148718 0.970320 0.088889 0.059361
1 0.821368 0.962329 0.152137 0.075342
1 0.471795 0.628995 0.229060 0.184932
1 0.291453 0.954338 0.104274 0.086758
1 0.170940 0.634703 0.235897 0.164384
1 0.927350 0.617580 0.145299 0.157534
1 0.307692 0.245434 0.307692 0.148402
1 0.817094 0.235160 0.164103 0.136986
1 0.051282 0.262557 0.085470 0.109589
1 0.958974 0.962329 0.075214 0.075342
1 0.968376 0.231735 0.063248 0.125571
