1 0.22085470 0.92602740 0.05470085 0.08219178
1 0.05572650 0.25753425 0.11145299 0.09315068
1 0.40136752 0.27945205 0.05470085 0.07123288
1 0.48341880 0.28493151 0.07658120 0.08219178
1 0.06529915 0.91506849 0.13059829 0.10958904
1 0.18803419 0.26301370 0.06564103 0.08767123
1 0.38495726 0.94246575 0.08205128 0.11506849
1 0.70222222 0.95205479 0.09299145 0.09589041
1 0.90307692 0.30136986 0.19384615 0.11506849
1 0.84991453 0.95479452 0.14769231 0.09041096
1 0.66940171 0.30136986 0.19692308 0.12054795
