1 0.56854701 0.81643836 0.24068376 0.13150685
1 0.95384615 0.15342466 0.09230769 0.12602740
1 0.41538462 0.10410959 0.13128205 0.13698630
1 0.04222222 0.41095890 0.08444444 0.13150685
1 0.59042735 0.12602740 0.13675214 0.15890411
1 0.24034188 0.78356164 0.14769231 0.11506849
1 0.80923077 0.13698630 0.14222222 0.15342466
1 0.50290598 0.44931507 0.83692308 0.18630137
1 0.09145299 0.09315068 0.18290598 0.14794521
1 0.26769231 0.10410959 0.10393162 0.12054795
1 0.88000000 0.87671233 0.24000000 0.14246575
1 0.38256410 0.80000000 0.10393162 0.08767123
