1 0.27418803 0.73424658 0.06017094 0.12054795
1 0.36717949 0.72876712 0.05470085 0.11506849
1 0.49299145 0.79452055 0.06017094 0.10410959
1 0.35076923 0.02465753 0.07658120 0.04931507
1 0.47658120 0.03972603 0.06564103 0.07945205
1 0.62974359 0.07671233 0.07111111 0.13150685
1 0.74461538 0.12054795 0.10940171 0.11506849
1 0.91418803 0.16986301 0.14222222 0.10410959
1 0.65162393 0.47123288 0.04923077 0.14794521
1 0.77196581 0.48767123 0.11487179 0.14794521
1 0.73367521 0.86575342 0.14769231 0.16986301
1 0.92974359 0.93561644 0.14051282 0.12876712
1 0.96803419 0.54794521 0.06393162 0.12602740
