1 0.74700855 0.04657534 0.12034188 0.08767123
1 0.03299145 0.73698630 0.06598291 0.08219178
1 0.20547009 0.73150685 0.18598291 0.08219178
1 0.07675214 0.39178082 0.15350427 0.09315068
1 0.96649573 0.38630137 0.06700855 0.09863014
1 0.60478632 0.73698630 0.12034188 0.09863014
1 0.82905983 0.39178082 0.15863248 0.10410959
1 0.09606838 0.04383562 0.08205128 0.08767123
1 0.36957265 0.05342466 0.16410256 0.10684932
1 0.23282051 0.39726027 0.05470085 0.07123288
1 0.48991453 0.40821918 0.14769231 0.07123288
1 0.66495726 0.39178082 0.03282051 0.06575342
1 0.82905983 0.73150685 0.04923077 0.08767123
1 0.36957265 0.73150685 0.07658120 0.08219178
1 0.54461538 0.05205479 0.04923077 0.08767123
1 0.88376068 0.04657534 0.04923077 0.07671233
1 0.96581197 0.04657534 0.06017094 0.05479452
