1 0.311966 0.110731 0.066667 0.066210
1 0.980342 0.867580 0.039316 0.082192
1 0.635043 0.148402 0.076923 0.082192
1 0.180342 0.106164 0.076923 0.066210
1 0.514530 0.802511 0.099145 0.070776
1 0.388889 0.808219 0.066667 0.082192
1 0.175214 0.429224 0.094017 0.100457
1 0.060684 0.094749 0.076923 0.066210
1 0.240171 0.780822 0.087179 0.082192
1 0.377778 0.456621 0.092308 0.127854
1 0.088034 0.762557 0.152137 0.109589
1 0.753846 0.166667 0.082051 0.073059
1 0.717094 0.835616 0.042735 0.082192
1 0.788034 0.840183 0.054701 0.086758
1 0.542735 0.136986 0.049573 0.068493
1 0.874359 0.178082 0.083761 0.073059
