1 0.66940171 0.73972603 0.32820513 0.09863014
1 0.22632479 0.02465753 0.06564103 0.04931507
1 0.92649573 0.04931507 0.07111111 0.09863014
1 0.11145299 0.02054795 0.09299145 0.04109589
1 0.35760684 0.35616438 0.10393162 0.10410959
1 0.21538462 0.70684932 0.08752137 0.09315068
1 0.95384615 0.41643836 0.07658120 0.10410959
1 0.01743590 0.33972603 0.03487179 0.09863014
1 0.74051282 0.38904110 0.08752137 0.09315068
1 0.73504274 0.05890411 0.10940171 0.11780822
1 0.51623932 0.04931507 0.11487179 0.09863014
1 0.87726496 0.75616438 0.05470085 0.09315068
1 0.15521368 0.36712329 0.04923077 0.08219178
