1 0.01623932 0.28493151 0.03247863 0.09315068
1 0.02034188 0.68493151 0.04068376 0.10410959
1 0.10905983 0.00273973 0.04923077 0.00547945
1 0.44273504 0.03013699 0.14769231 0.06027397
1 0.61777778 0.03424658 0.18051282 0.06849315
1 0.18017094 0.70136986 0.11487179 0.09315068
1 0.90769231 0.81095890 0.15863248 0.13150685
1 0.37162393 0.73424658 0.13675214 0.11506849
1 0.57948718 0.77260274 0.14222222 0.11506849
1 0.93743590 0.44931507 0.12512821 0.15342466
1 0.79282051 0.03698630 0.10940171 0.07397260
1 0.97025641 0.05890411 0.05948718 0.11780822
1 0.53025641 0.38356164 0.05470085 0.14794521
