0 0.34273324 0.54908405 0.07350395 0.07990707
0 0.23076890 0.77282805 0.04444685 0.04794564
0 0.42649469 0.58675463 0.05298894 0.08219353
0 0.46752470 0.62785490 0.06324644 0.07306170
0 0.47777521 0.72260296 0.03248093 0.03424789
0 0.58974654 0.63242082 0.05128052 0.07306170
0 0.70341930 0.63812997 0.05641277 0.13470510
0 0.70512771 0.51712263 0.09743579 0.08447299
0 0.79829246 0.59360701 0.07521236 0.06849578
0 0.90683996 0.76940537 0.11111013 0.13241863
0 0.35128232 0.98858608 0.07008711 0.02282784
0 0.68974496 0.81849425 0.06666328 0.06164340
0 0.77093678 0.89954455 0.06153802 0.10502312
0 0.85384402 0.88926948 0.04615527 0.04794564
0 0.98119751 0.92351737 0.03760498 0.08447299
