1 0.41128205 0.07123288 0.11487179 0.12054795
1 0.88615385 0.10410959 0.22769231 0.13150685
1 0.90803419 0.78356164 0.18393162 0.12054795
1 0.40034188 0.38904110 0.38290598 0.13698630
1 0.71760684 0.42739726 0.11487179 0.15342466
1 0.41128205 0.72328767 0.27897436 0.12054795
1 0.06888889 0.68493151 0.13777778 0.13150685
1 0.68478632 0.75068493 0.17504274 0.10958904
1 0.93401709 0.43835616 0.13196581 0.13698630
1 0.06615385 0.36164384 0.13230769 0.17534247
1 0.68478632 0.08219178 0.13128205 0.16438356
1 0.14547009 0.04931507 0.29094017 0.09863014
