1 0.63760684 0.59452055 0.08752137 0.12602740
1 0.18358974 0.22191781 0.17504274 0.10958904
1 0.76341880 0.60000000 0.11487179 0.12054795
1 0.15623932 0.54520548 0.25162393 0.15890411
1 0.94188034 0.27671233 0.11623932 0.12602740
1 0.41880342 0.56712329 0.18598291 0.10958904
1 0.95555556 0.93972603 0.08888889 0.11506849
1 0.95145299 0.61643836 0.09709402 0.12602740
1 0.20547009 0.88493151 0.31179487 0.14794521
1 0.63213675 0.92328767 0.38290598 0.12602740
1 0.62666667 0.25479452 0.45401709 0.15342466
