1 0.281197 0.974886 0.076923 0.050228
1 0.149573 0.664384 0.049573 0.059361
1 0.736752 0.279680 0.051282 0.079909
1 0.297436 0.347032 0.044444 0.082192
1 0.385470 0.302511 0.104274 0.098174
1 0.237607 0.023973 0.119658 0.043379
1 0.162393 0.323059 0.068376 0.061644
1 0.313675 0.670091 0.059829 0.070776
1 0.789744 0.642694 0.037607 0.093607
1 0.834188 0.970320 0.054701 0.059361
1 0.727350 0.634703 0.039316 0.068493
1 0.669231 0.627854 0.039316 0.068493
1 0.858974 0.299087 0.049573 0.068493
1 0.645299 0.284247 0.042735 0.079909
1 0.385470 0.660959 0.059829 0.070776
