1 0.44820513 0.28493151 0.04376068 0.05479452
1 0.19658120 0.27397260 0.06564103 0.07123288
1 0.01623932 0.25753425 0.03247863 0.06575342
1 0.92410256 0.98493151 0.08205128 0.03013699
1 0.47555556 0.97397260 0.07658120 0.05205479
1 0.07623932 0.96712329 0.14769231 0.06575342
1 0.54119658 0.27945205 0.09299145 0.09863014
1 0.27863248 0.96712329 0.21333333 0.06575342
0 0.57948718 0.04520548 0.16410256 0.09041096
1 0.91316239 0.29589041 0.10393162 0.10958904
1 0.68888889 0.29589041 0.15316239 0.11506849
1 0.69435897 0.96986301 0.20239316 0.06027397
