1 0.53572650 0.07123288 0.10393162 0.10958904
1 0.77641026 0.44931507 0.12034188 0.09863014
1 0.79829060 0.78904110 0.09846154 0.09315068
1 0.97846154 0.81095890 0.04307692 0.12054795
1 0.61230769 0.43835616 0.16410256 0.12602740
1 0.07641026 0.41095890 0.15282051 0.12054795
1 0.11606838 0.05205479 0.23213675 0.10410959
1 0.24581197 0.41643836 0.16957265 0.13150685
1 0.45914530 0.78356164 0.32820513 0.13698630
1 0.06820513 0.75616438 0.13641026 0.12054795
1 0.73264957 0.08219178 0.25162393 0.12602740
1 0.94051282 0.08767123 0.08205128 0.10958904
1 0.30051282 0.08219178 0.07658120 0.09863014
1 0.90222222 0.46575342 0.06017094 0.08219178
