0 0.31367242 0.08219529 0.05982961 0.08219353
0 0.09658442 0.65182685 0.07008711 0.15296877
0 0.48889020 0.29680044 0.05812119 0.05022510
0 0.47093782 0.34246663 0.04615527 0.04109326
0 0.27777466 0.38128044 0.03931460 0.03652734
0 0.27179520 0.27968000 0.04102302 0.05707748
0 0.16923416 0.79566378 0.04102302 0.04794564
0 0.18119308 0.85958663 0.04786369 0.05251156
0 0.11623822 0.86415255 0.05469735 0.04794564
0 0.12478589 0.44748975 0.24957177 0.24200767
0 0.06410207 0.24428888 0.12820414 0.19634849
0 0.14615653 0.21575014 0.04615527 0.11187551
0 0.21111138 0.18835463 0.09059512 0.30365107
0 0.08546779 0.07420230 0.17093558 0.14840460
0 0.34786177 0.62785403 0.02905709 0.04109326
0 0.17606783 0.61643573 0.03418935 0.03652734
0 0.31538784 0.51141260 0.02905709 0.02739551
0 0.40427454 0.09702926 0.03589776 0.05251156
0 0.39145441 0.00799123 0.02393184 0.01598247
0 0.22563993 0.97717129 0.02734868 0.02739551
0 0.42307413 0.36871890 0.02905709 0.04337973
