1 0.68136752 0.88219178 0.07658120 0.12054795
1 0.57196581 0.88219178 0.08205128 0.13150685
1 0.87829060 0.53150685 0.09846154 0.09315068
1 0.87282051 0.88767123 0.10393162 0.09863014
1 0.17811966 0.53698630 0.08205128 0.09315068
1 0.71965812 0.53150685 0.13675214 0.11506849
1 0.04683761 0.89863014 0.05470085 0.12054795
1 0.13982906 0.88767123 0.08205128 0.10958904
1 0.29846154 0.52054795 0.03829060 0.09315068
1 0.29299145 0.89315068 0.05470085 0.06027397
1 0.36410256 0.89863014 0.04376068 0.07671233
1 0.41333333 0.53698630 0.04923077 0.07671233
1 0.51726496 0.54246575 0.04376068 0.09315068
1 0.20000000 0.18630137 0.03282051 0.06575342
1 0.56649573 0.17534247 0.04923077 0.06575342
1 0.77982906 0.18630137 0.15316239 0.11506849
1 0.97059829 0.18630137 0.05880342 0.08767123
