1 0.82461538 0.49041096 0.11487179 0.08219178
1 0.67145299 0.49041096 0.07111111 0.06575342
1 0.96427350 0.47945205 0.07145299 0.09315068
1 0.01299145 0.16164384 0.02598291 0.09863014
1 0.08615385 0.16712329 0.07111111 0.09315068
1 0.89025641 0.83561644 0.05470085 0.09863014
1 0.97521368 0.83561644 0.04957265 0.09863014
1 0.75897436 0.84657534 0.09846154 0.08767123
1 0.28854701 0.85753425 0.30085470 0.09863014
1 0.02256410 0.87397260 0.04512821 0.07671233
1 0.04991453 0.51232877 0.09982906 0.07123288
1 0.17367521 0.51780822 0.04376068 0.07671233
1 0.42529915 0.51232877 0.10940171 0.07671233
1 0.57299145 0.85753425 0.18598291 0.08219178
1 0.90119658 0.12328767 0.18051282 0.08219178
