1 0.21196581 0.58356164 0.06564103 0.08767123
1 0.32136752 0.58904110 0.04923077 0.06575342
1 0.38153846 0.58904110 0.04376068 0.06575342
1 0.46905983 0.59452055 0.09846154 0.12054795
1 0.62222222 0.57260274 0.09299145 0.10410959
1 0.25025641 0.92876712 0.08752137 0.10410959
1 0.12991453 0.60000000 0.07658120 0.10958904
1 0.78085470 0.89041096 0.17504274 0.10958904
1 0.96683761 0.18356164 0.06564103 0.10958904
1 0.05401709 0.25479452 0.10803419 0.09863014
1 0.24478632 0.23287671 0.15863248 0.10410959
1 0.38153846 0.91780822 0.09299145 0.10958904
1 0.48547009 0.22739726 0.04376068 0.09315068
1 0.64410256 0.20547945 0.08752137 0.12054795
1 0.02666667 0.95068493 0.05333333 0.09863014
1 0.95880342 0.87945205 0.08239316 0.11506849
1 0.81914530 0.20000000 0.09299145 0.14246575
1 0.56205128 0.91780822 0.20786325 0.11506849
