1 0.093607 0.223932 0.182648 0.116239
1 0.813927 0.294017 0.358447 0.133333
1 0.289954 0.460684 0.123288 0.073504
1 0.078767 0.822222 0.152968 0.140171
1 0.099315 0.510256 0.194064 0.145299
1 0.302511 0.176923 0.226027 0.158974
1 0.707763 0.059829 0.196347 0.116239
1 0.224886 0.780342 0.121005 0.063248
1 0.394977 0.737607 0.159817 0.100855
1 0.549087 0.689744 0.134703 0.076923
1 0.702055 0.652137 0.089041 0.046154
1 0.836758 0.612821 0.107306 0.070085
1 0.954338 0.564103 0.091324 0.092308
1 0.934932 0.894872 0.116438 0.172650
1 0.682648 0.942735 0.374429 0.111111
