0 0.71025854 0.13926751 0.07350395 0.08675945
0 0.92906196 0.20319737 0.09743579 0.15068230
0 0.54786090 0.69863101 0.08717828 0.09589129
0 0.78974195 0.61187156 0.05469735 0.06849578
0 0.82734813 0.56164647 0.03418935 0.03652734
0 0.11880315 0.36644121 0.06666328 0.08447299
0 0.24701145 0.48059616 0.05298894 0.06620932
0 0.03419017 0.96917611 0.06838034 0.06164778
0 0.10683722 0.89041359 0.08376145 0.09589129
0 0.19486972 0.85274301 0.04444685 0.06620932
0 0.60256525 0.90411134 0.04615527 0.05936395
0 0.06666842 0.16209710 0.06495486 0.08219353
0 0.70170946 0.46917786 0.03248093 0.05251156
0 0.56666749 0.11187200 0.02564026 0.04565918
