1 0.44923077 0.33972603 0.04923077 0.07123288
1 0.89230769 0.01917808 0.09299145 0.03835616
1 0.42735043 0.03561644 0.06564103 0.07123288
1 0.76102564 0.01917808 0.06017094 0.03835616
1 0.94700855 0.35068493 0.08752137 0.11506849
1 0.83760684 0.34520548 0.09846154 0.10410959
1 0.68444444 0.34520548 0.07111111 0.10958904
1 0.08820513 0.70684932 0.09299145 0.12602740
1 0.59145299 0.69589041 0.10940171 0.09863014
1 0.63521368 0.02602740 0.08205128 0.05205479
1 0.28512821 0.33972603 0.14222222 0.10958904
1 0.25230769 0.02328767 0.03282051 0.04657534
1 0.35076923 0.71232877 0.06017094 0.05479452
