1 0.01624014 0.96347134 0.03248027 0.07305732
1 0.10085547 0.01027595 0.10940171 0.02055189
1 0.21196559 0.01712482 0.07521236 0.03424964
1 0.37778008 0.04794652 0.22564409 0.09589304
1 0.59743770 0.08333501 0.11111013 0.08903890
1 0.74615401 0.13584658 0.09743579 0.10730258
1 0.92393441 0.18379222 0.09059512 0.11187551
1 0.05299211 0.26940844 0.10598422 0.11872088
1 0.15042757 0.31735408 0.05128052 0.06849578
1 0.23589744 0.34589282 0.09572737 0.07990707
1 0.41709467 0.39269523 0.15726539 0.11415496
1 0.57436007 0.44635003 0.12307605 0.09817074
1 0.72051375 0.48402060 0.10769329 0.13698455
1 0.92735076 0.52740033 0.14529849 0.12328679
1 0.00854701 0.64155529 0.01709402 0.12785271
1 0.24700915 0.69863277 0.40170907 0.18265074
1 0.57179744 0.81278773 0.09401895 0.10502312
1 0.73333388 0.85045830 0.21880342 0.18036427
1 0.95128260 0.90867901 0.09743480 0.15524822
