0 0.463248 0.765982 0.037607 0.047945
0 0.644444 0.513699 0.061538 0.063927
0 0.551282 0.699772 0.052991 0.070776
0 0.398291 0.141553 0.047863 0.059361
0 0.179487 0.163242 0.037607 0.047945
0 0.540171 0.283105 0.037607 0.054795
0 0.890598 0.783105 0.044444 0.054795
0 0.644444 0.267123 0.047863 0.077626
0 0.316239 0.530822 0.054701 0.066210
0 0.338462 0.415525 0.054701 0.077626
0 0.441880 0.267123 0.059829 0.082192
0 0.906838 0.147260 0.059829 0.075342
1 0.091453 0.651826 0.052991 0.057078
0 0.704274 0.300228 0.054701 0.075342
0 0.737607 0.081050 0.066667 0.102740
0 0.605983 0.628995 0.087179 0.116438
0 0.124786 0.421233 0.061538 0.098174
0 0.758974 0.546804 0.054701 0.066210
0 0.239316 0.311644 0.064957 0.102740
1 0.250427 0.644977 0.066667 0.093607
0 0.752991 0.962329 0.087179 0.075342
0 0.970085 0.699772 0.059829 0.121005
