1 0.52478632 0.03835616 0.04923077 0.05479452
1 0.86393162 0.04931507 0.04923077 0.07123288
1 0.88034188 0.39452055 0.05470085 0.06027397
1 0.42632479 0.73972603 0.06017094 0.08219178
1 0.10358974 0.73424658 0.04923077 0.07123288
1 0.57401709 0.40000000 0.06017094 0.06575342
1 0.16376068 0.36712329 0.07111111 0.09315068
1 0.34974359 0.03835616 0.06564103 0.06575342
1 0.32786325 0.72328767 0.10393162 0.10958904
1 0.54666667 0.72876712 0.11487179 0.11506849
1 0.89675214 0.75068493 0.09846154 0.14246575
