1 0.25675214 0.50136986 0.12034188 0.14794521
1 0.25128205 0.17808219 0.09846154 0.16986301
1 0.13641026 0.48493151 0.12034188 0.16986301
1 0.99076923 0.36438356 0.01846154 0.10958904
1 0.83111111 0.29863014 0.13675214 0.16438356
1 0.96478632 0.72602740 0.07042735 0.11506849
1 0.80923077 0.97945205 0.10393162 0.04109589
1 0.09965812 0.84109589 0.19931624 0.19726027
1 0.02307692 0.45205479 0.04615385 0.14246575
1 0.04905983 0.09178082 0.09811966 0.18356164
1 0.53572650 0.93561644 0.11487179 0.12876712
1 0.49743590 0.57808219 0.13675214 0.16438356
1 0.84752137 0.01917808 0.20239316 0.03835616
1 0.78735043 0.66027397 0.18051282 0.16438356
1 0.60136752 0.25479452 0.07658120 0.06575342
