1 0.346154 0.351598 0.073504 0.105023
1 0.380342 0.689498 0.131624 0.100457
1 0.233333 0.678082 0.059829 0.086758
1 0.449573 0.344749 0.071795 0.095890
1 0.623932 0.326484 0.047863 0.082192
1 0.752137 0.672374 0.054701 0.089041
1 0.950427 0.327626 0.099145 0.093607
1 0.736752 0.019406 0.208547 0.034247
1 0.182906 0.031963 0.218803 0.059361
1 0.894872 0.678082 0.104274 0.105023
1 0.769231 0.333333 0.170940 0.105023
1 0.064957 0.694064 0.126496 0.114155
1 0.517094 0.683790 0.042735 0.075342
1 0.626496 0.695205 0.087179 0.066210
1 0.273504 0.356164 0.047863 0.082192
