0 0.05128369 0.24314740 0.10256738 0.09360482
0 0.14957336 0.79908822 0.07692078 0.09589129
0 0.15042757 0.68150356 0.10256104 0.07990707
0 0.53333005 0.64611945 0.09914421 0.07762762
0 0.07008295 0.03538586 0.09231054 0.07077173
0 0.10512651 0.09475156 0.05641277 0.06164340
0 0.14701074 0.18036778 0.09231054 0.10958904
0 0.35982769 0.04109677 0.09401895 0.08219353
0 0.65213506 0.38812756 0.05298894 0.07762762
0 0.02307556 0.32990685 0.04615111 0.04794564
0 0.22222310 0.12899244 0.05128052 0.09360482
0 0.25641244 0.06849227 0.05128052 0.06392986
0 0.32906218 0.27853852 0.09059512 0.14611638
0 0.25298861 0.22602696 0.05469735 0.11872088
0 0.29145600 0.63356493 0.13504197 0.18493019
0 0.38803758 0.47945293 0.10940171 0.11415496
0 0.21795205 0.92237501 0.08034462 0.12328679
0 0.13675323 0.91324318 0.07862920 0.05936395
0 0.25384282 0.80136767 0.08034462 0.06849578
0 0.41196242 0.77282893 0.09572737 0.12557326
0 0.45128402 0.97032110 0.08205303 0.05935781
0 0.08974375 0.49086422 0.16923132 0.17351890
0 0.05470020 0.61415803 0.06495486 0.06392986
0 0.04529690 0.68379003 0.07692078 0.06164340
0 0.31452663 0.98401710 0.07521236 0.03196581
0 0.03418902 0.94064088 0.06837804 0.11871825
0 0.19572863 0.51712351 0.04273843 0.12557326
0 0.12905835 0.59703058 0.04273843 0.05251156
0 0.23504323 0.38013896 0.17606498 0.13470510
0 0.54957402 0.03538762 0.07350395 0.07077523
