1 0.94547009 0.06438356 0.10905983 0.12876712
1 0.43418803 0.81643836 0.26256410 0.15890411
1 0.34666667 0.38356164 0.09846154 0.12602740
1 0.41777778 0.03287671 0.20786325 0.06575342
1 0.20991453 0.37808219 0.10393162 0.13150685
1 0.76239316 0.84931507 0.24615385 0.14794521
1 0.11692308 0.01780822 0.18598291 0.03561644
1 0.88820513 0.44383562 0.16410256 0.15890411
1 0.78427350 0.03698630 0.18051282 0.07397260
1 0.09948718 0.78904110 0.19897436 0.19178082
1 0.97008547 0.87123288 0.05982906 0.16438356
1 0.58735043 0.40547945 0.31179487 0.13698630
1 0.04034188 0.36164384 0.07111111 0.13150685
1 0.58188034 0.03561644 0.11487179 0.07123288
