1 0.642735 0.632420 0.270085 0.118721
1 0.075214 0.658676 0.082051 0.093607
1 0.194872 0.642694 0.088889 0.089041
1 0.397436 0.264840 0.066667 0.086758
1 0.523077 0.264840 0.181197 0.114155
1 0.356410 0.978311 0.080342 0.043379
1 0.736752 0.259132 0.126496 0.121005
1 0.106838 0.292237 0.210256 0.109589
1 0.925641 0.253425 0.148718 0.141553
1 0.545299 0.958904 0.218803 0.082192
1 0.861538 0.956621 0.273504 0.086758
1 0.386325 0.642694 0.201709 0.116438
1 0.282051 0.263699 0.075214 0.098174
1 0.858120 0.624429 0.105983 0.139269
