1 0.907692 0.816210 0.054701 0.070776
1 0.235043 0.107306 0.076923 0.109589
1 0.113675 0.436073 0.070085 0.082192
1 0.605983 0.135845 0.186325 0.102740
1 0.135897 0.108447 0.097436 0.089041
1 0.557265 0.803653 0.198291 0.109589
1 0.033333 0.787671 0.063248 0.082192
1 0.896581 0.497717 0.087179 0.118721
1 0.656410 0.463470 0.082051 0.082192
1 0.288034 0.810502 0.285470 0.109589
1 0.447863 0.458904 0.211966 0.118721
1 0.234188 0.453196 0.109402 0.130137
1 0.425641 0.130137 0.119658 0.132420
1 0.765812 0.151826 0.109402 0.121005
1 0.900855 0.157534 0.082051 0.100457
1 0.716239 0.826484 0.054701 0.082192
1 0.823932 0.825342 0.054701 0.070776
1 0.803419 0.478311 0.054701 0.070776
