1 0.532479 0.577626 0.049573 0.054795
1 0.578632 0.920091 0.039316 0.063927
1 0.897436 0.910959 0.150427 0.073059
1 0.182906 0.226027 0.054701 0.082192
1 0.658974 0.215753 0.059829 0.093607
1 0.089744 0.936073 0.100855 0.082192
1 0.784615 0.204338 0.054701 0.075342
1 0.961538 0.208904 0.076923 0.093607
1 0.549573 0.210046 0.076923 0.109589
1 0.385470 0.215753 0.087179 0.102740
1 0.393162 0.928082 0.126496 0.098174
0 0.702564 0.828767 0.044444 0.082192
1 0.751282 0.916667 0.049573 0.066210
1 0.685470 0.582192 0.027350 0.045662
1 0.133333 0.582192 0.034188 0.054795
1 0.744444 0.568493 0.029060 0.041096
