1 0.79076923 0.30958904 0.13128205 0.10410959
1 0.75794872 0.30958904 0.06564103 0.08219178
1 0.93299145 0.34246575 0.07111111 0.10410959
1 0.98974359 0.33150685 0.02051282 0.08219178
1 0.82358974 0.31506849 0.08752137 0.08767123
1 0.65948718 0.65479452 0.10393162 0.12054795
1 0.85094017 0.67123288 0.08752137 0.13150685
1 0.36957265 0.63835616 0.07658120 0.13698630
1 0.11794872 0.25479452 0.19692308 0.11506849
1 0.37504274 0.28767123 0.24615385 0.14246575
1 0.51179487 0.62739726 0.14769231 0.15342466
1 0.58837607 0.30958904 0.12581197 0.12602740
1 0.20547009 0.62191781 0.17504274 0.13698630
1 0.04256410 0.59452055 0.08512821 0.12602740
