1 0.37401709 0.85479452 0.07111111 0.08219178
1 0.14974359 0.16438356 0.06564103 0.10958904
1 0.24820513 0.15890411 0.07111111 0.10410959
1 0.48888889 0.84383562 0.05470085 0.08767123
1 0.66393162 0.83835616 0.09299145 0.08219178
1 0.61470085 0.51506849 0.07658120 0.07671233
1 0.95384615 0.12602740 0.08752137 0.11506849
1 0.52717949 0.14794521 0.07658120 0.09863014
1 0.42324786 0.50958904 0.10940171 0.10958904
1 0.02974359 0.20273973 0.05948718 0.08219178
1 0.18256410 0.54794521 0.16957265 0.09863014
1 0.02700855 0.89863014 0.05401709 0.07123288
1 0.21538462 0.87671233 0.07658120 0.08767123
1 0.87726496 0.46027397 0.22427350 0.08219178
1 0.86085470 0.81643836 0.12581197 0.08767123
1 0.99196581 0.80000000 0.01606838 0.07671233
