1 0.17914530 0.33972603 0.24615385 0.11506849
1 0.67692308 0.97945205 0.09846154 0.04109589
1 0.53470085 0.32328767 0.08752137 0.11506849
1 0.05675214 0.70684932 0.11350427 0.10410959
1 0.61675214 0.67945205 0.18598291 0.14246575
1 0.41982906 0.32328767 0.08752137 0.12054795
1 0.70974359 0.31780822 0.09846154 0.12602740
1 0.85743590 0.30136986 0.11487179 0.13150685
1 0.20649573 0.67397260 0.09299145 0.12602740
1 0.91213675 0.97123288 0.15863248 0.05753425
1 0.88478632 0.65205479 0.19145299 0.12054795
1 0.38700855 0.68493151 0.16410256 0.12602740
