1 0.28102564 0.50410959 0.06564103 0.08767123
1 0.24820513 0.84931507 0.06017094 0.11506849
1 0.55452991 0.54246575 0.04376068 0.11506849
1 0.64205128 0.54794521 0.04923077 0.09315068
1 0.89367521 0.59178082 0.05470085 0.07123288
1 0.07863248 0.81643836 0.07111111 0.09315068
1 0.01059829 0.80547945 0.02119658 0.10958904
1 0.82256410 0.93561644 0.20786325 0.12876712
1 0.34666667 0.87671233 0.10393162 0.13698630
1 0.16615385 0.09315068 0.25162393 0.11506849
1 0.49982906 0.16438356 0.08205128 0.13150685
1 0.60923077 0.16438356 0.09299145 0.12602740
1 0.12786325 0.47671233 0.08752137 0.13698630
1 0.54905983 0.90410959 0.28991453 0.11506849
1 0.47247863 0.53150685 0.05470085 0.10410959
