1 0.13162470 0.14612164 0.16068223 0.13698455
1 0.31111352 0.18835814 0.08546987 0.09817074
1 0.44444707 0.22260603 0.11281854 0.17123244
1 0.04786347 0.49429567 0.09572693 0.09817074
1 0.15555654 0.52853655 0.07521236 0.09360482
1 0.27948680 0.55479584 0.11111013 0.11415496
1 0.39914601 0.59360964 0.08376145 0.09589129
1 0.48461588 0.61643923 0.07350395 0.09589129
1 0.70341930 0.31735408 0.14529947 0.15068230
1 0.84957298 0.34018367 0.08546987 0.12785271
1 0.94700877 0.38927255 0.08546987 0.15753468
1 0.78888916 0.71233052 0.18290565 0.14155047
1 0.94017275 0.76027616 0.11965451 0.12328679
1 0.84957298 0.01598334 0.25640960 0.03196668
1 0.12136719 0.87214466 0.09914421 0.13698455
1 0.38632588 0.93721556 0.11965921 0.12556888
1 0.52136785 0.96803901 0.07179553 0.06392197
