0 0.92735125 0.66666871 0.03589776 0.05022510
0 0.93675454 0.74771901 0.04786369 0.05251156
0 0.97692286 0.37214948 0.04615428 0.08675945
0 0.30769296 0.92579945 0.10940171 0.14840110
0 0.15384440 0.32876975 0.21196275 0.42465841
0 0.20854876 0.69977337 0.30769012 0.28082148
0 0.42735218 0.61986630 0.12649288 0.15753468
0 0.42906059 0.23287847 0.16068223 0.17351890
0 0.37607166 0.01940647 0.18119724 0.03881293
0 0.40598296 0.41438597 0.05982961 0.07534115
0 0.31025559 0.44862685 0.07008711 0.15753468
