1 0.10769231 0.18904110 0.21538462 0.13698630
1 0.35213675 0.87945205 0.30085470 0.12054795
1 0.44512821 0.20000000 0.41572650 0.16438356
1 0.12410256 0.52876712 0.24820513 0.15342466
1 0.64752137 0.56164384 0.27350427 0.13150685
1 0.64752137 0.89041096 0.09299145 0.09315068
1 0.08444444 0.86301370 0.16888889 0.16438356
1 0.96598291 0.23835616 0.06803419 0.13150685
1 0.82803419 0.90136986 0.13128205 0.10958904
1 0.91128205 0.56712329 0.17743590 0.10958904
1 0.96871795 0.91780822 0.06256410 0.14246575
1 0.40136752 0.53972603 0.13128205 0.13698630
1 0.81162393 0.81917808 0.04923077 0.12602740
