0 0.25812272 0.25913074 0.05812119 0.07534115
0 0.18290336 0.36301063 0.07521236 0.08219353
0 0.07008421 0.77968044 0.14016842 0.14383693
0 0.09487086 0.51255671 0.08034462 0.07534115
0 0.08290494 0.58789786 0.04615527 0.05707748
0 0.16324956 0.53995222 0.05298894 0.05707748
0 0.23846192 0.50684756 0.07350395 0.07762762
0 0.43760454 0.46803375 0.08546987 0.08219353
0 0.18547298 0.74315310 0.04957210 0.07077523
0 0.20341837 0.81963748 0.10940171 0.06392986
0 0.23846192 0.71461436 0.02905709 0.06392986
0 0.30256257 0.68150970 0.04786369 0.07077523
0 0.27008864 0.90753315 0.13675039 0.05251156
0 0.43589612 0.84246707 0.12307605 0.15068230
0 0.49914256 0.75342115 0.08205303 0.11415496
0 0.58461243 0.72945534 0.10940171 0.12100734
0 0.78290784 0.49429304 0.07521236 0.07990707
0 0.62136440 0.97488833 0.09743579 0.05022334
0 0.07607128 0.91780822 0.08376145 0.09589129
0 0.01196652 0.92351737 0.02393305 0.08447299
0 0.69059731 0.86643989 0.10598488 0.10730258
