1 0.32136752 0.09315068 0.06017094 0.09315068
1 0.96700855 0.44383562 0.06598291 0.09863014
1 0.69333333 0.43287671 0.13675214 0.08219178
1 0.39794872 0.43835616 0.15316239 0.08767123
1 0.12991453 0.76712329 0.05470085 0.09315068
1 0.34871795 0.76164384 0.16410256 0.09863014
1 0.92461538 0.11506849 0.15076923 0.09863014
1 0.41982906 0.10410959 0.07111111 0.06027397
1 0.53470085 0.11506849 0.04923077 0.06575342
1 0.62769231 0.11506849 0.06564103 0.08219178
1 0.79726496 0.78356164 0.15316239 0.07123288
1 0.98068376 0.79452055 0.03863248 0.05479452
1 0.52376068 0.76164384 0.09846154 0.06575342
1 0.15179487 0.44383562 0.08752137 0.06027397
1 0.54017094 0.44383562 0.04923077 0.08219178
1 0.61675214 0.78904110 0.03282051 0.04931507
