1 0.70017094 0.03835616 0.07111111 0.07671233
1 0.14222222 0.43013699 0.24068376 0.12602740
1 0.22427350 0.80273973 0.18598291 0.10410959
1 0.41025641 0.79178082 0.09846154 0.08219178
1 0.92991453 0.03424658 0.08205128 0.06849315
1 0.66188034 0.39178082 0.12581197 0.09315068
1 0.27897436 0.06849315 0.11487179 0.08219178
1 0.95675214 0.36986301 0.08649573 0.09315068
1 0.42119658 0.41917808 0.17504274 0.10410959
1 0.08752137 0.09589041 0.17504274 0.10958904
1 0.52512821 0.79178082 0.06564103 0.06027397
1 0.77675214 0.75890411 0.04923077 0.05479452
1 0.46495726 0.07397260 0.14222222 0.06027397
