1 0.81709402 0.86027397 0.08205128 0.10958904
1 0.98923077 0.14794521 0.02153846 0.07671233
1 0.98102564 0.87671233 0.03794872 0.14246575
1 0.07863248 0.56438356 0.07658120 0.09863014
1 0.18803419 0.90958904 0.21880342 0.16438356
1 0.43418803 0.56438356 0.07658120 0.09863014
1 0.86632479 0.15890411 0.08205128 0.12054795
1 0.23179487 0.55890411 0.10393162 0.12602740
1 0.04341880 0.20273973 0.08683761 0.13698630
1 0.59829060 0.52602740 0.16410256 0.12054795
1 0.62564103 0.89315068 0.20239316 0.10410959
1 0.77880342 0.53150685 0.08752137 0.10958904
1 0.87726496 0.52602740 0.06564103 0.09315068
