1 0.79521368 0.32054795 0.07658120 0.09863014
1 0.45059829 0.98219178 0.07111111 0.03561644
1 0.16615385 0.92876712 0.09846154 0.12054795
1 0.96461538 0.75890411 0.07076923 0.09863014
1 0.88820513 0.01506849 0.07658120 0.03013699
1 0.53264957 0.66027397 0.08752137 0.10958904
1 0.03794872 0.89041096 0.07589744 0.13698630
1 0.26461538 0.18904110 0.10393162 0.08767123
1 0.98786325 0.38082192 0.02427350 0.14246575
1 0.76239316 0.70958904 0.14769231 0.13698630
1 0.13333333 0.57260274 0.14222222 0.14246575
1 0.36307692 0.61643836 0.09299145 0.10410959
1 0.27555556 0.95890411 0.07111111 0.08219178
