1 0.11042735 0.46301370 0.14769231 0.15342466
1 0.52068376 0.14520548 0.16957265 0.19178082
1 0.05794872 0.12876712 0.11589744 0.13698630
1 0.80512821 0.86301370 0.32820513 0.13698630
1 0.50427350 0.84109589 0.21880342 0.12054795
1 0.07213675 0.80821918 0.10940171 0.13698630
1 0.24717949 0.47945205 0.07111111 0.11506849
1 0.40034188 0.48493151 0.11487179 0.16438356
1 0.27452991 0.15068493 0.27350427 0.16438356
1 0.84341880 0.50684932 0.15863248 0.17534247
1 0.85982906 0.16164384 0.12581197 0.16986301
1 0.24170940 0.81917808 0.13128205 0.13698630
1 0.63008547 0.50136986 0.23521368 0.15342466
1 0.66290598 0.16712329 0.10940171 0.16438356
