1 0.97880342 0.50136986 0.04239316 0.07123288
1 0.62666667 0.16164384 0.04923077 0.06027397
1 0.34769231 0.14520548 0.06017094 0.07671233
1 0.94393162 0.18356164 0.07111111 0.07123288
1 0.43521368 0.15616438 0.08752137 0.07671233
1 0.84000000 0.17260274 0.08205128 0.06575342
1 0.88376068 0.49041096 0.08752137 0.08219178
1 0.71418803 0.16712329 0.07111111 0.07123288
1 0.05230769 0.44109589 0.07658120 0.08219178
1 0.17811966 0.44657534 0.06017094 0.09863014
1 0.71965812 0.48493151 0.17504274 0.09863014
1 0.13982906 0.12328767 0.26256410 0.13150685
