1 0.98205128 0.25205479 0.03589744 0.10958904
1 0.74803419 0.56438356 0.10393162 0.08767123
1 0.98752137 0.59178082 0.02495726 0.08219178
0 0.94512821 0.86575342 0.10974359 0.15342466
1 0.67145299 0.23013699 0.07658120 0.09863014
1 0.06974359 0.88219178 0.10940171 0.07123288
1 0.38700855 0.89863014 0.06564103 0.08219178
1 0.51282051 0.88767123 0.06017094 0.04383562
1 0.46905983 0.56438356 0.04923077 0.07123288
1 0.57846154 0.57534247 0.05470085 0.08219178
1 0.26119658 0.55890411 0.03829060 0.06575342
1 0.89025641 0.59178082 0.05470085 0.09315068
1 0.09709402 0.53698630 0.07111111 0.07671233
1 0.32136752 0.19726027 0.07658120 0.08219178
