1 0.95042735 0.19726027 0.05470085 0.06575342
1 0.69333333 0.57534247 0.05470085 0.05479452
1 0.40888889 0.56986301 0.04923077 0.04931507
1 0.98478632 0.92602740 0.03042735 0.05479452
1 0.87931624 0.19726027 0.06564103 0.07671233
1 0.87384615 0.54794521 0.04376068 0.05479452
1 0.26119658 0.94794521 0.04923077 0.05479452
1 0.62769231 0.20273973 0.06564103 0.09863014
1 0.48000000 0.93698630 0.05470085 0.05479452
1 0.03350427 0.22465753 0.06700855 0.09315068
1 0.72615385 0.93698630 0.12581197 0.10410959
