1 0.72717949 0.89863014 0.06017094 0.06575342
1 0.39897436 0.53698630 0.09299145 0.12054795
1 0.31692308 0.49315068 0.08752137 0.09863014
1 0.61777778 0.54246575 0.09846154 0.09863014
1 0.33880342 0.88219178 0.22427350 0.13150685
1 0.07076923 0.18630137 0.10393162 0.13698630
1 0.32239316 0.20821918 0.26256410 0.15342466
1 0.90051282 0.90958904 0.19897436 0.10958904
1 0.73264957 0.23013699 0.25162393 0.15342466
1 0.90222222 0.56986301 0.12034188 0.12602740
1 0.05452991 0.52602740 0.10905983 0.16438356
