1 0.66153846 0.43287671 0.08752137 0.06575342
1 0.74905983 0.42739726 0.07111111 0.08219178
1 0.02444444 0.42191781 0.04888889 0.08767123
1 0.61777778 0.06027397 0.07658120 0.08219178
1 0.06529915 0.04931507 0.06564103 0.08219178
1 0.93504274 0.79452055 0.08205128 0.12054795
1 0.89128205 0.43835616 0.08752137 0.08767123
1 0.92410256 0.07671233 0.10940171 0.09315068
1 0.75452991 0.06027397 0.10940171 0.10410959
1 0.03948718 0.76164384 0.07897436 0.12602740
1 0.43726496 0.44383562 0.11487179 0.14246575
1 0.21299145 0.78904110 0.17504274 0.16438356
1 0.54119658 0.42191781 0.07658120 0.07671233
