1 0.08205128 0.46849315 0.08752137 0.09863014
1 0.12581197 0.82465753 0.24068376 0.09315068
1 0.72752137 0.07397260 0.09299145 0.10410959
1 0.83145299 0.83013699 0.09299145 0.09863014
1 0.43213675 0.83013699 0.28444444 0.10958904
1 0.18051282 0.08493151 0.08752137 0.09315068
1 0.20786325 0.46301370 0.08752137 0.10410959
1 0.92666667 0.08493151 0.14666667 0.12602740
1 0.85333333 0.44657534 0.21880342 0.11506849
1 0.50324786 0.45753425 0.13128205 0.13698630
1 0.51418803 0.08493151 0.15316239 0.12054795
1 0.96085470 0.83013699 0.07829060 0.12054795
