1 0.06119658 0.72328767 0.12239316 0.12602740
1 0.97145299 0.12602740 0.05709402 0.10410959
1 0.12239316 0.39452055 0.08752137 0.11506849
1 0.02564103 0.37808219 0.05128205 0.12054795
1 0.96324786 0.46575342 0.07350427 0.13150685
1 0.28102564 0.39452055 0.16957265 0.10958904
1 0.32478632 0.76164384 0.18051282 0.13150685
1 0.03658120 0.06164384 0.07316239 0.12328767
1 0.68581197 0.44931507 0.19692308 0.14246575
1 0.66393162 0.78356164 0.24068376 0.10410959
1 0.90461538 0.82191781 0.14222222 0.09315068
1 0.47794872 0.43287671 0.16957265 0.10958904
1 0.32478632 0.06027397 0.24615385 0.10410959
1 0.70769231 0.10958904 0.40478632 0.13698630
