1 0.56547009 0.60547945 0.12034188 0.11506849
1 0.04034188 0.83013699 0.07658120 0.08767123
1 0.96324786 0.02602740 0.07350427 0.05205479
1 0.70769231 0.63835616 0.10940171 0.11506849
1 0.51076923 0.21643836 0.09299145 0.10958904
1 0.98649573 0.36438356 0.02700855 0.10958904
1 0.33025641 0.90136986 0.09846154 0.12054795
1 0.00239316 0.07945205 0.00478632 0.13150685
1 0.65299145 0.96849315 0.08205128 0.06301370
1 0.19350427 0.50684932 0.26803419 0.12602740
1 0.49982906 0.94520548 0.12034188 0.10958904
1 0.79521368 0.29315068 0.07111111 0.09315068
1 0.39042735 0.55068493 0.07111111 0.08767123
1 0.21538462 0.14520548 0.06017094 0.10410959
