1 0.71623932 0.40547945 0.09299145 0.10410959
1 0.03264957 0.95616438 0.06529915 0.08767123
1 0.74905983 0.04520548 0.09299145 0.09041096
1 0.00803419 0.21369863 0.01606838 0.13698630
1 0.08170940 0.23561644 0.10393162 0.15342466
1 0.12547009 0.59726027 0.16957265 0.12602740
1 0.21846154 0.96575342 0.22427350 0.06849315
1 0.57948718 0.02328767 0.12034188 0.04657534
1 0.54666667 0.35068493 0.15316239 0.14794521
1 0.32239316 0.29041096 0.19145299 0.13698630
1 0.60683761 0.71780822 0.14222222 0.15342466
1 0.42632479 0.69041096 0.07111111 0.08219178
