1 0.96615385 0.03287671 0.06769231 0.06575342
1 0.43179487 0.82191781 0.04376068 0.07123288
1 0.14188034 0.07260274 0.13675214 0.14520548
1 0.04905983 0.83287671 0.09811966 0.12054795
1 0.54119658 0.81095890 0.09846154 0.09315068
1 0.79829060 0.42739726 0.11487179 0.12054795
1 0.76000000 0.05753425 0.22427350 0.11506849
1 0.24034188 0.44931507 0.24068376 0.18082192
1 0.27863248 0.06986301 0.38837607 0.13972603
1 0.30598291 0.82191781 0.12034188 0.14246575
1 0.78735043 0.81643836 0.17504274 0.16438356
