0 0.16495798 0.02853874 0.05641277 0.05707748
0 0.05555627 0.54794871 0.09059512 0.09589129
0 0.48717664 0.13127890 0.04444685 0.07077523
0 0.31538270 0.72944921 0.06324644 0.04794564
0 0.48546823 0.83561556 0.11624238 0.12785271
0 0.70598006 0.70319693 0.07521236 0.09132537
0 0.84444587 0.67922411 0.06495486 0.08903890
0 0.77350455 0.45091419 0.09059512 0.08447299
0 0.64358783 0.06849227 0.05298894 0.08219353
0 0.68718047 0.02397282 0.07521236 0.04794564
0 0.95299019 0.13355836 0.09401961 0.11187551
0 0.95982911 0.84474740 0.08034177 0.09132537
0 0.96923066 0.57876690 0.06153868 0.14383693
0 0.91794981 0.48629830 0.06837869 0.12328679
