1 0.76444444 0.20821918 0.17504274 0.10410959
1 0.34871795 0.91506849 0.07658120 0.10410959
1 0.71521368 0.90410959 0.21333333 0.12054795
1 0.48547009 0.90410959 0.17504274 0.13698630
1 0.16820513 0.20273973 0.11487179 0.12602740
1 0.52923077 0.53150685 0.10393162 0.14246575
1 0.94649573 0.20821918 0.10700855 0.12602740
1 0.04034188 0.20821918 0.08068376 0.12602740
1 0.10256410 0.90958904 0.10940171 0.11506849
1 0.66051282 0.54246575 0.09299145 0.15342466
1 0.96427350 0.92054795 0.07145299 0.12054795
1 0.54017094 0.20273973 0.24615385 0.13150685
1 0.23384615 0.91506849 0.09299145 0.12054795
1 0.04170940 0.55342466 0.08341880 0.13150685
1 0.21196581 0.56438356 0.10940171 0.14246575
1 0.89589744 0.56438356 0.20820513 0.13698630
