0 0.52820666 0.51826674 0.05128052 0.09132537
0 0.45555692 0.51712351 0.03589776 0.06164340
0 0.55470113 0.20776329 0.05982961 0.10045721
0 0.63675416 0.19977468 0.04957210 0.06620932
0 0.52991508 0.36644121 0.07179553 0.11644142
0 0.61709336 0.36757742 0.02734868 0.07762762
0 0.66751967 0.30936373 0.03589776 0.04794564
0 0.58718206 0.83790203 0.03248093 0.05479101
0 0.80513127 0.69520833 0.07862920 0.08903890
0 0.69914639 0.42579814 0.03760618 0.03881381
0 0.66837388 0.69977425 0.02734868 0.03424789
0 0.73076611 0.83219288 0.02905709 0.05707748
0 0.31367428 0.96917742 0.04957210 0.05251156
0 0.64701166 0.05821721 0.03248093 0.04794564
