1 0.29641026 0.05890411 0.12034188 0.11780822
1 0.59726496 0.73150685 0.06017094 0.09863014
1 0.15965812 0.05342466 0.09299145 0.10684932
1 0.48786325 0.73698630 0.09299145 0.12602740
1 0.78871795 0.75890411 0.08752137 0.12054795
1 0.12683761 0.38630137 0.21880342 0.15342466
1 0.75042735 0.42465753 0.25162393 0.15342466
1 0.97504274 0.44657534 0.04991453 0.13150685
1 0.48786325 0.07671233 0.23521368 0.15342466
1 0.12085470 0.72054795 0.24170940 0.13698630
1 0.34564103 0.39726027 0.15316239 0.15342466
1 0.95863248 0.10684932 0.08273504 0.15342466
