1 0.05777778 0.03287671 0.06564103 0.06575342
1 0.42974359 0.82191781 0.07111111 0.11506849
1 0.10700855 0.39452055 0.04923077 0.06575342
1 0.77982906 0.19178082 0.05470085 0.07671233
1 0.85094017 0.93150685 0.07111111 0.12054795
1 0.17264957 0.04383562 0.07658120 0.06575342
1 0.70324786 0.53698630 0.06564103 0.09315068
1 0.07965812 0.72876712 0.08205128 0.09863014
1 0.53367521 0.83835616 0.10393162 0.13698630
1 0.96239316 0.95479452 0.07521368 0.09041096
1 0.67042735 0.15890411 0.06564103 0.08767123
1 0.82905983 0.56438356 0.08205128 0.11506849
1 0.44068376 0.09315068 0.08205128 0.11506849
1 0.88923077 0.19726027 0.08752137 0.12054795
1 0.68683761 0.88767123 0.15863248 0.14246575
1 0.28205128 0.77260274 0.20786325 0.14794521
