0 0.245299 0.264840 0.080342 0.118721
0 0.384615 0.195205 0.037607 0.070776
0 0.444444 0.311644 0.047863 0.116438
0 0.258120 0.114155 0.095726 0.077626
0 0.174359 0.473744 0.037607 0.047945
0 0.125641 0.676941 0.056410 0.066210
0 0.104274 0.559361 0.037607 0.063927
0 0.555556 0.068493 0.071795 0.105023
0 0.294017 0.022831 0.078632 0.041096
0 0.658974 0.102740 0.042735 0.045662
0 0.713675 0.050228 0.049573 0.041096
0 0.847863 0.022831 0.027350 0.041096
0 0.829915 0.081050 0.029060 0.034247
0 0.602564 0.922374 0.059829 0.105023
0 0.410256 0.934932 0.051282 0.057078
