1 0.067521 0.444064 0.131624 0.162100
1 0.309402 0.470320 0.153846 0.123288
1 0.917949 0.446347 0.164103 0.184932
1 0.067521 0.855023 0.080342 0.121005
1 0.323932 0.864155 0.145299 0.125571
1 0.607692 0.477169 0.158974 0.127854
1 0.564957 0.888128 0.107692 0.109589
1 0.704274 0.876712 0.078632 0.109589
1 0.831624 0.866438 0.138462 0.139269
1 0.964103 0.877854 0.071795 0.152968
1 0.021368 0.041096 0.039316 0.077626
1 0.237607 0.053653 0.092308 0.102740
1 0.565812 0.062785 0.198291 0.093607
1 0.806838 0.068493 0.191453 0.114155
