1 0.83247863 0.35342466 0.03829060 0.06575342
1 0.36205128 0.62739726 0.06564103 0.06027397
1 0.24717949 0.61643836 0.04923077 0.04931507
1 0.93641026 0.68767123 0.03829060 0.05479452
1 0.61914530 0.64931507 0.04923077 0.06027397
1 0.32376068 0.29863014 0.04923077 0.06575342
1 0.79965812 0.66575342 0.04923077 0.06027397
1 0.40581197 0.30958904 0.05470085 0.08219178
1 0.12136752 0.60547945 0.08752137 0.06027397
1 0.23623932 0.28767123 0.07658120 0.07671233
1 0.48239316 0.64383562 0.08752137 0.06575342
1 0.68478632 0.34246575 0.06564103 0.09315068
1 0.12683761 0.28219178 0.06564103 0.09315068
1 0.71213675 0.63835616 0.06564103 0.09863014
