1 0.37948707 0.08790093 0.08546987 0.12100734
1 0.64615417 0.09817600 0.10940171 0.12785271
1 0.85555430 0.10616460 0.13162514 0.16666652
1 0.97521373 0.07762674 0.04957254 0.15525348
1 0.01367505 0.74657841 0.02735010 0.06392986
1 0.07350537 0.76940800 0.06153802 0.08675945
1 0.15897523 0.76027616 0.07179553 0.08219353
0 0.31709484 0.51255934 0.05982961 0.08447299
0 0.65897430 0.72717151 0.08376145 0.18036427
0 0.82478879 0.93721775 0.07350395 0.08903890
0 0.96837656 0.73401688 0.06324688 0.09817074
0 0.08888812 0.51255934 0.08546987 0.14840285
