1 0.56547009 0.72054795 0.05470085 0.06575342
1 0.46153846 0.72054795 0.09299145 0.07671233
1 0.02290598 0.04657534 0.04581197 0.08767123
1 0.88820513 0.05753425 0.07111111 0.08219178
1 0.98376068 0.39178082 0.03247863 0.09863014
1 0.29743590 0.72602740 0.06017094 0.07671233
1 0.16615385 0.38630137 0.14222222 0.10958904
1 0.54358974 0.38082192 0.07111111 0.08219178
1 0.89914530 0.38082192 0.07658120 0.09863014
1 0.01880342 0.70958904 0.03760684 0.10410959
1 0.32478632 0.38082192 0.12034188 0.10958904
