1 0.09162393 0.78630137 0.05470085 0.07123288
1 0.17914530 0.05753425 0.04923077 0.07671233
1 0.54564103 0.41369863 0.07111111 0.07671233
1 0.01572650 0.05753425 0.03145299 0.07671233
1 0.08068376 0.05753425 0.06017094 0.07123288
1 0.93401709 0.83013699 0.06017094 0.09315068
1 0.63316239 0.07397260 0.06017094 0.07123288
1 0.74803419 0.43013699 0.06017094 0.06027397
1 0.96683761 0.08493151 0.05470085 0.08219178
1 0.65504274 0.42465753 0.06017094 0.07123288
1 0.44170940 0.40821918 0.05470085 0.10410959
1 0.17367521 0.39178082 0.07111111 0.09863014
1 0.01435897 0.40273973 0.02871795 0.09863014
1 0.87384615 0.07945205 0.07658120 0.09863014
1 0.73709402 0.05205479 0.08752137 0.10410959
1 0.29948718 0.05890411 0.12034188 0.11780822
