1 0.43076923 0.42739726 0.08205128 0.10958904
1 0.63863248 0.09315068 0.19145299 0.10958904
1 0.04170940 0.37808219 0.08341880 0.10958904
1 0.84102564 0.44383562 0.19692308 0.13150685
1 0.34324786 0.07123288 0.26256410 0.11506849
1 0.22290598 0.40547945 0.21880342 0.12054795
1 0.61128205 0.43835616 0.21333333 0.11506849
1 0.85196581 0.81643836 0.15863248 0.14246575
1 0.65504274 0.79452055 0.18051282 0.12602740
1 0.87384615 0.12602740 0.24615385 0.08767123
1 0.26119658 0.76712329 0.49230769 0.14794521
1 0.08273504 0.05068493 0.16547009 0.10136986
