1 0.09709402 0.98493151 0.08752137 0.03013699
1 0.22837607 0.99452055 0.09846154 0.01095890
1 0.44170940 0.24383562 0.13128205 0.16438356
1 0.00615385 0.97671233 0.01230769 0.04657534
1 0.22290598 0.62191781 0.14769231 0.16986301
1 0.05675214 0.61643836 0.11350427 0.16438356
1 0.65504274 0.24931507 0.22427350 0.14794521
1 0.06222222 0.20000000 0.12444444 0.18630137
1 0.51829060 0.65479452 0.39384615 0.14246575
1 0.89452991 0.28219178 0.21094017 0.17534247
1 0.92051282 0.69863014 0.15897436 0.15342466
