1 0.56649573 0.06027397 0.10940171 0.10958904
1 0.51179487 0.72876712 0.08205128 0.09863014
1 0.38051282 0.75068493 0.07111111 0.09863014
1 0.37504274 0.41095890 0.09846154 0.13698630
1 0.51179487 0.40000000 0.09846154 0.12602740
1 0.74700855 0.06301370 0.15863248 0.12602740
1 0.16170940 0.76164384 0.26803419 0.08767123
1 0.02752137 0.43835616 0.05504274 0.08767123
1 0.15076923 0.06027397 0.08205128 0.06575342
1 0.18905983 0.41643836 0.07111111 0.06027397
1 0.28205128 0.05479452 0.06564103 0.08219178
1 0.71965812 0.74520548 0.19692308 0.10410959
1 0.93846154 0.76164384 0.06564103 0.06575342
