1 0.77641026 0.20547945 0.14222222 0.10958904
1 0.47555556 0.99589041 0.08205128 0.00821918
1 0.31692308 0.57808219 0.31726496 0.15890411
1 0.06000000 0.58904110 0.12000000 0.10958904
1 0.05179487 0.17808219 0.10358974 0.15890411
1 0.68341880 0.98356164 0.27897436 0.03287671
1 0.99623932 0.63287671 0.00752137 0.15890411
1 0.39350427 0.17808219 0.26256410 0.16986301
1 0.96888889 0.99863014 0.06222222 0.00273973
1 0.32239316 0.97123288 0.17504274 0.05753425
1 0.74905983 0.61643836 0.37196581 0.15342466
1 0.08598291 0.97260274 0.17196581 0.05479452
