0 0.62307796 0.31278203 0.06666328 0.09132537
0 0.34359073 0.33789808 0.16068223 0.08675945
0 0.47179203 0.21461129 0.05469735 0.07306170
0 0.18547112 0.26484340 0.10085262 0.09589129
0 0.04700532 0.42009162 0.09059512 0.09132537
0 0.04102586 0.61871956 0.06837869 0.09132537
0 0.24273811 0.52511474 0.06837869 0.08675945
0 0.03162256 0.79109523 0.05641277 0.08903890
0 0.14957336 0.80707945 0.17948882 0.12557326
0 0.37350203 0.65753337 0.10769329 0.13698455
0 0.50598137 0.59931266 0.06153802 0.06620932
0 0.50598137 0.49657600 0.06837869 0.08903890
0 0.48461216 0.38813019 0.06666328 0.05936395
0 0.42051151 0.41780515 0.04102302 0.06849578
0 0.46495836 0.79566115 0.09572737 0.11187551
0 0.42051151 0.90297074 0.08205303 0.08447299
0 0.57606849 0.76940888 0.11965921 0.09589129
0 0.61196625 0.02968110 0.03760618 0.04109326
0 0.47777849 0.06392899 0.03931460 0.05022510
0 0.07093716 0.31963441 0.07008711 0.09132537
0 0.18461692 0.67351759 0.07862920 0.14155047
0 0.23589744 0.03082433 0.05128052 0.04337973
0 0.12820414 0.07648351 0.04102302 0.04794564
0 0.07863204 0.03995616 0.03077251 0.04337973
0 0.57179744 0.95319584 0.11795080 0.06164340
0 0.20769455 0.94862992 0.08717828 0.09817074
0 0.07436100 0.94748756 0.07692078 0.10502488
