1 0.41435897 0.19452055 0.17504274 0.16438356
1 0.70974359 0.20000000 0.06564103 0.09863014
1 0.22837607 0.16712329 0.15863248 0.16438356
1 0.45811966 0.60547945 0.37196581 0.15342466
1 0.25025641 0.93972603 0.09299145 0.10958904
1 0.84102564 0.21095890 0.12581197 0.15342466
1 0.61128205 0.96027397 0.08752137 0.07945205
1 0.09709402 0.93424658 0.09299145 0.10958904
1 0.95059829 0.24383562 0.09880342 0.15890411
1 0.33230769 0.17260274 0.36649573 0.16986301
1 0.86290598 0.97123288 0.25162393 0.05753425
1 0.41435897 0.95205479 0.21880342 0.09589041
1 0.00752137 0.92328767 0.01504274 0.12602740
1 0.83982906 0.65479452 0.32034188 0.15342466
1 0.06358974 0.16712329 0.12717949 0.16986301
1 0.13606838 0.58356164 0.27213675 0.23013699
