1 0.86940171 0.20821918 0.20786325 0.10410959
1 0.04632479 0.13150685 0.09264957 0.09863014
1 0.05982906 0.81095890 0.08752137 0.08767123
1 0.63965812 0.19178082 0.10393162 0.10410959
1 0.43726496 0.83287671 0.08205128 0.08219178
1 0.67247863 0.52602740 0.15316239 0.09315068
1 0.27863248 0.48767123 0.09299145 0.08767123
1 0.95247863 0.55342466 0.09504274 0.11506849
1 0.78188034 0.87123288 0.38837607 0.11506849
1 0.22940171 0.15342466 0.18051282 0.09863014
1 0.26769231 0.82191781 0.16410256 0.12054795
1 0.45367521 0.16986301 0.19692308 0.10410959
1 0.50837607 0.49863014 0.12581197 0.10958904
1 0.11452991 0.47123288 0.15863248 0.10958904
