1 0.415525 0.711111 0.242009 0.174359
1 0.429224 0.076068 0.260274 0.148718
1 0.835616 0.917949 0.328767 0.164103
1 0.114155 0.806838 0.223744 0.167521
1 0.471461 0.958974 0.335616 0.082051
1 0.688356 0.040171 0.262557 0.076923
1 0.132420 0.143590 0.260274 0.147009
1 0.640411 0.651282 0.180365 0.140171
1 0.794521 0.601709 0.168950 0.133333
1 0.940639 0.570940 0.095890 0.082051
1 0.136986 0.482051 0.264840 0.112821
1 0.754566 0.307692 0.212329 0.129915
1 0.908676 0.264957 0.182648 0.123077
1 0.353881 0.417094 0.114155 0.133333
1 0.531963 0.367521 0.205479 0.129915
