1 0.73948718 0.77260274 0.09299145 0.12054795
1 0.11042735 0.26301370 0.09846154 0.12054795
1 0.03470085 0.59726027 0.06940171 0.12054795
1 0.93675214 0.81643836 0.12649573 0.14794521
1 0.98051282 0.10958904 0.03897436 0.16986301
1 0.32923077 0.66849315 0.10940171 0.13698630
1 0.60273504 0.73424658 0.13128205 0.10958904
1 0.01145299 0.23013699 0.02290598 0.13150685
1 0.73948718 0.05068493 0.20786325 0.10136986
1 0.37846154 0.31780822 0.25162393 0.15890411
1 0.13230769 0.99315068 0.09299145 0.01369863
1 0.53709402 0.01643836 0.10393162 0.03287671
1 0.82461538 0.41643836 0.35076923 0.16438356
1 0.58632479 0.37260274 0.04923077 0.11506849
