1 0.88803534 0.03538981 0.22392933 0.07077962
1 0.39401890 0.25570981 0.16581448 0.12785271
1 0.65299112 0.32648504 0.15384856 0.12785271
1 0.83418836 0.36986477 0.19487158 0.15981414
1 0.52906087 0.98287781 0.15555698 0.03424438
1 0.00000235 0.86073249 0.00000470 0.13698455
1 0.21196745 0.94178104 0.15726539 0.11643792
1 0.38376139 0.97260274 0.08717828 0.05479452
1 0.79487376 0.71347288 0.24615210 0.16666652
1 0.00085481 0.13698893 0.00170962 0.13241863
1 0.09230824 0.17009359 0.15726539 0.14383693
1 0.03418820 0.49886071 0.06837640 0.17123244
1 0.16410377 0.55022904 0.12307605 0.12785271
1 0.31111166 0.59931792 0.15726539 0.14840285
1 0.44359100 0.63242258 0.07692078 0.14155047
1 0.56239601 0.65639540 0.12991672 0.12100734
