1 0.04427350 0.86849315 0.08854701 0.10958904
1 0.21982906 0.86849315 0.08205128 0.14246575
1 0.35111111 0.84109589 0.14769231 0.10410959
1 0.30188034 0.11232877 0.09846154 0.12602740
1 0.27452991 0.49041096 0.23521368 0.10410959
1 0.69025641 0.84657534 0.33914530 0.10958904
1 0.43863248 0.47945205 0.06564103 0.10958904
1 0.62461538 0.46849315 0.09846154 0.07123288
1 0.66290598 0.09589041 0.06017094 0.07123288
1 0.78324786 0.10684932 0.05470085 0.08219178
1 0.92000000 0.45753425 0.06564103 0.08219178
1 0.47145299 0.85753425 0.08752137 0.08767123
