1 0.43623932 0.19178082 0.19145299 0.13150685
1 0.15726496 0.19726027 0.07658120 0.14794521
1 0.88769231 0.20273973 0.22461538 0.12054795
1 0.61128205 0.18630137 0.07658120 0.12602740
1 0.36512821 0.89315068 0.10393162 0.14246575
1 0.35965812 0.53698630 0.20786325 0.19178082
1 0.91367521 0.89863014 0.17264957 0.16438356
1 0.93692308 0.54246575 0.12615385 0.14794521
1 0.17367521 0.88767123 0.22427350 0.17534247
1 0.66598291 0.54794521 0.31726496 0.13150685
1 0.60581197 0.89315068 0.31179487 0.16438356
1 0.28854701 0.18630137 0.12581197 0.19178082
1 0.72615385 0.19178082 0.07111111 0.10410959
