0 0.80683783 0.46118575 0.04444685 0.08219353
0 0.20940297 0.13356186 0.08717828 0.13927101
0 0.57094323 0.04908888 0.04444685 0.05707748
0 0.35213982 0.52397238 0.07862920 0.17579836
0 0.19315900 0.70775934 0.06153802 0.10045721
0 0.31624205 0.68492975 0.07862920 0.10045721
0 0.01880451 0.20548033 0.03760903 0.14611638
0 0.04700915 0.30821699 0.09401830 0.10502312
0 0.12051627 0.43835616 0.08034462 0.15981414
0 0.18974217 0.38356515 0.04786369 0.07762762
0 0.25213440 0.30593753 0.04957210 0.08675945
0 0.36837678 0.24657359 0.09743579 0.14155047
0 0.41282363 0.13584132 0.04273843 0.06164340
0 0.15897666 0.24429414 0.04102302 0.07306170
0 0.34786177 0.37329008 0.05982961 0.06620932
