1 0.32683761 0.41369863 0.04376068 0.05479452
1 0.16273504 0.36438356 0.06564103 0.06575342
1 0.49641026 0.45753425 0.06564103 0.09863014
1 0.31042735 0.75890411 0.07111111 0.09863014
1 0.73162393 0.86301370 0.08752137 0.10410959
1 0.00888889 0.00958904 0.01777778 0.01917808
1 0.62222222 0.12876712 0.08752137 0.11506849
1 0.40888889 0.06986301 0.10393162 0.13972603
1 0.79726496 0.15616438 0.13128205 0.14794521
1 0.22290598 0.04931507 0.14222222 0.09863014
1 0.60581197 0.47397260 0.09846154 0.14246575
