1 0.28957265 0.60273973 0.07111111 0.07123288
1 0.84752137 0.93698630 0.05470085 0.06575342
1 0.56854701 0.23561644 0.09299145 0.08219178
1 0.01623932 0.60821918 0.03247863 0.06575342
1 0.75452991 0.22465753 0.06564103 0.08767123
1 0.87487179 0.59726027 0.05470085 0.07671233
1 0.04222222 0.24109589 0.08444444 0.09315068
1 0.13094017 0.60821918 0.12034188 0.09863014
1 0.96888889 0.94794521 0.06222222 0.08767123
1 0.63418803 0.94246575 0.07658120 0.10410959
1 0.89128205 0.23561644 0.09299145 0.12054795
1 0.40991453 0.23013699 0.14222222 0.13150685
