1 0.88068376 0.21917808 0.07111111 0.07671233
1 0.79316239 0.54246575 0.07658120 0.06575342
1 0.37196581 0.53150685 0.10940171 0.08767123
1 0.31726496 0.88219178 0.08205128 0.09863014
1 0.07111111 0.87671233 0.08752137 0.09863014
1 0.56341880 0.52602740 0.08205128 0.08219178
1 0.97042735 0.21917808 0.05914530 0.08767123
1 0.80957265 0.90410959 0.07111111 0.07123288
1 0.05470085 0.53698630 0.09846154 0.09863014
1 0.08752137 0.19178082 0.12581197 0.12054795
1 0.66735043 0.89863014 0.09846154 0.10410959
1 0.25162393 0.19178082 0.15863248 0.13698630
1 0.44854701 0.19726027 0.11487179 0.12602740
1 0.47042735 0.89863014 0.16410256 0.12054795
1 0.65641026 0.20821918 0.20786325 0.12602740
1 0.93538462 0.54794521 0.11487179 0.10410959
