1 0.76341880 0.71232877 0.06017094 0.07671233
1 0.86735043 0.70684932 0.06564103 0.07671233
1 0.68136752 0.35068493 0.06564103 0.08219178
1 0.47350427 0.72328767 0.08205128 0.09863014
1 0.23282051 0.37260274 0.08205128 0.11506849
1 0.34222222 0.36712329 0.09299145 0.09863014
1 0.96786325 0.33424658 0.06427350 0.09315068
1 0.50085470 0.36164384 0.13675214 0.12054795
1 0.36957265 0.72328767 0.08752137 0.12054795
1 0.11247863 0.38356164 0.07658120 0.09863014
1 0.04136752 0.04383562 0.06017094 0.08219178
1 0.20547009 0.73972603 0.08205128 0.09863014
1 0.28752137 0.02739726 0.27350427 0.05479452
1 0.97128205 0.71232877 0.04376068 0.08767123
