0 0.35811928 0.10387901 0.14188264 0.13927101
0 0.40769138 0.74543605 0.11111013 0.13927101
0 0.33418743 0.91552438 0.18290565 0.16895123
0 0.62564059 0.90182751 0.21538658 0.12785271
0 0.46239573 0.61187419 0.08717828 0.10045721
0 0.56153994 0.69863364 0.12478446 0.10045721
0 0.65298926 0.12100647 0.26666710 0.16438707
0 0.65213506 0.34360723 0.15897381 0.13927101
0 0.74016755 0.54337841 0.16410606 0.08219353
0 0.38375954 0.27739792 0.11111013 0.15753468
0 0.33931969 0.44520767 0.11452696 0.15068230
0 0.50341875 0.28082060 0.08034462 0.17808482
0 0.10427230 0.36643726 0.15726539 0.73287452
0 0.08888955 0.92579945 0.08888670 0.14840110
0 0.23333481 0.46689403 0.08034462 0.13470510
0 0.31281822 0.61073096 0.16752290 0.11187551
0 0.46922940 0.90410696 0.07350395 0.14611638
