1 0.38290598 0.84657534 0.09846154 0.10410959
1 0.24615385 0.84657534 0.14222222 0.10410959
1 0.52512821 0.83561644 0.12034188 0.14246575
1 0.84786325 0.89041096 0.13128205 0.13150685
1 0.53059829 0.50684932 0.21333333 0.16438356
1 0.08205128 0.13424658 0.16410256 0.15342466
1 0.84239316 0.17808219 0.13675214 0.14794521
1 0.38290598 0.15616438 0.30085470 0.15342466
1 0.28444444 0.49589041 0.19692308 0.12054795
1 0.70564103 0.87945205 0.13128205 0.17534247
1 0.07658120 0.49589041 0.14769231 0.12054795
1 0.08205128 0.84109589 0.15863248 0.10410959
