1 0.61675214 0.04931507 0.16410256 0.09315068
1 0.17367521 0.73424658 0.30632479 0.12054795
1 0.09777778 0.40000000 0.19555556 0.11506849
1 0.10803419 0.07123288 0.08205128 0.13150685
1 0.22837607 0.06575342 0.06564103 0.13150685
1 0.38153846 0.03287671 0.04923077 0.06575342
1 0.29401709 0.40000000 0.08752137 0.08219178
1 0.41435897 0.41095890 0.09846154 0.06575342
1 0.55658120 0.38904110 0.08752137 0.10958904
1 0.66051282 0.40000000 0.08752137 0.10958904
1 0.81914530 0.40547945 0.13675214 0.08767123
1 0.40888889 0.72876712 0.07111111 0.10958904
1 0.52923077 0.73972603 0.04376068 0.06027397
1 0.61675214 0.75068493 0.07111111 0.08219178
1 0.90119658 0.03835616 0.07658120 0.06575342
1 0.98615385 0.05479452 0.02769231 0.09315068
1 0.78632479 0.76164384 0.21333333 0.06575342
1 0.95880342 0.75616438 0.08239316 0.07123288
1 0.76444444 0.04931507 0.05470085 0.05479452
