0 0.439316 0.224886 0.064957 0.052511
0 0.440171 0.135845 0.052991 0.066210
0 0.476923 0.041096 0.075214 0.077626
0 0.577778 0.124429 0.061538 0.038813
0 0.577778 0.235160 0.061538 0.086758
0 0.579487 0.360731 0.068376 0.054795
0 0.565812 0.591324 0.075214 0.191781
0 0.503419 0.631279 0.049573 0.134703
0 0.548718 0.950913 0.061538 0.093607
0 0.585470 0.794521 0.073504 0.187215
0 0.225641 0.260274 0.064957 0.086758
0 0.267521 0.167808 0.056410 0.066210
0 0.195726 0.182648 0.029060 0.036530
0 0.349573 0.788813 0.059829 0.098174
0 0.335897 0.484018 0.073504 0.100457
0 0.306838 0.689498 0.087179 0.077626
0 0.417094 0.665525 0.064957 0.184932
0 0.296581 0.603881 0.070085 0.057078
0 0.275214 0.828767 0.064957 0.086758
0 0.467521 0.874429 0.070085 0.082192
0 0.391453 0.938356 0.088889 0.123288
0 0.441880 0.328767 0.059829 0.095890
0 0.276068 0.931507 0.083761 0.073059
0 0.311111 0.981735 0.064957 0.031963
0 0.022222 0.536530 0.041026 0.082192
0 0.020513 0.726027 0.037607 0.091324
0 0.175214 0.531963 0.049573 0.050228
0 0.364103 0.084475 0.044444 0.031963
