1 0.73846154 0.07671233 0.09846154 0.13698630
1 0.06564103 0.34520548 0.13128205 0.12054795
1 0.61811966 0.40547945 0.05470085 0.06575342
1 0.34461538 0.05753425 0.12034188 0.11506849
1 0.55794872 0.06849315 0.26803419 0.13698630
1 0.92803419 0.43287671 0.14393162 0.13150685
1 0.15863248 0.02465753 0.16957265 0.04931507
1 0.72205128 0.42191781 0.07658120 0.08219178
1 0.30085470 0.72876712 0.09299145 0.09315068
1 0.96905983 0.83835616 0.06188034 0.12602740
1 0.91299145 0.09315068 0.17401709 0.14246575
