1 0.78324786 0.53698630 0.19145299 0.13150685
1 0.37846154 0.13150685 0.10393162 0.10958904
1 0.97367521 0.93698630 0.05264957 0.09863014
1 0.99829060 0.54794521 0.00341880 0.12602740
1 0.15418803 0.12602740 0.26803419 0.08219178
1 0.07982906 0.52054795 0.15965812 0.10958904
1 0.78871795 0.93150685 0.07111111 0.10410959
1 0.63008547 0.93835616 0.11487179 0.12328767
1 0.37299145 0.94109589 0.10940171 0.11780822
1 0.07760684 0.90958904 0.10940171 0.12602740
1 0.47692308 0.52602740 0.32273504 0.13150685
1 0.58632479 0.14246575 0.17504274 0.13150685
1 0.92547009 0.13698630 0.14222222 0.13698630
