1 0.79931624 0.72328767 0.09299145 0.07671233
1 0.02085470 0.05479452 0.04170940 0.07123288
1 0.09914530 0.05479452 0.07111111 0.08219178
1 0.06085470 0.77260274 0.09846154 0.10958904
1 0.40000000 0.40000000 0.15863248 0.08219178
1 0.60239316 0.03698630 0.13128205 0.07397260
1 0.31794872 0.03698630 0.09846154 0.07397260
1 0.07179487 0.41643836 0.05470085 0.07671233
1 0.50393162 0.73972603 0.07111111 0.08767123
1 0.58598291 0.37260274 0.10940171 0.07671233
1 0.85948718 0.37260274 0.07658120 0.10958904
1 0.95247863 0.01506849 0.07658120 0.03013699
