1 0.57299145 0.05205479 0.03829060 0.05479452
1 0.72068376 0.86301370 0.20786325 0.17534247
1 0.51829060 0.85753425 0.07111111 0.10410959
1 0.26666667 0.45205479 0.06017094 0.07671233
1 0.40341880 0.86849315 0.09846154 0.09863014
1 0.68239316 0.06301370 0.07658120 0.09315068
1 0.38700855 0.05753425 0.06017094 0.08767123
1 0.40888889 0.46849315 0.07658120 0.09863014
1 0.23384615 0.86301370 0.11487179 0.10958904
1 0.61128205 0.47397260 0.08752137 0.10958904
1 0.98341880 0.44657534 0.03316239 0.17534247
1 0.94512821 0.87397260 0.10974359 0.17534247
