1 0.48341880 0.59452055 0.16410256 0.09863014
1 0.42324786 0.96164384 0.05470085 0.07123288
1 0.52717949 0.96301370 0.05470085 0.07397260
1 0.66393162 0.97534247 0.08752137 0.04931507
1 0.02427350 0.44657534 0.04854701 0.15342466
1 0.33572650 0.20000000 0.07658120 0.12054795
1 0.46700855 0.22191781 0.08205128 0.13150685
1 0.65299145 0.64383562 0.12034188 0.13150685
1 0.86632479 0.68767123 0.09299145 0.14794521
1 0.33572650 0.92876712 0.07111111 0.10410959
1 0.30837607 0.54520548 0.06564103 0.09315068
