1 0.39145299 0.40000000 0.05470085 0.07671233
1 0.48444444 0.40000000 0.05470085 0.07123288
1 0.86188034 0.71780822 0.10393162 0.08219178
1 0.29846154 0.04931507 0.14769231 0.07671233
1 0.02205128 0.06027397 0.04410256 0.10410959
1 0.27111111 0.40547945 0.09299145 0.08219178
1 0.61025641 0.38904110 0.08205128 0.09315068
1 0.21641026 0.75616438 0.14222222 0.10958904
1 0.06324786 0.77260274 0.09299145 0.10410959
1 0.62666667 0.73424658 0.09846154 0.09863014
1 0.73059829 0.37260274 0.10393162 0.10958904
1 0.40239316 0.75068493 0.09299145 0.10958904
1 0.08769231 0.41095890 0.17538462 0.12054795
