1 0.09230786 0.93607145 0.18461571 0.12785710
1 0.07521493 0.60502268 0.15042987 0.24200767
1 0.31196630 0.68607299 0.30256487 0.25342597
1 0.70768892 0.82648723 0.30427329 0.19634849
1 0.93760766 0.88584285 0.12478468 0.22831430
1 0.03589858 0.16210060 0.07179717 0.23744175
1 0.20598143 0.23744175 0.24444368 0.23287584
1 0.45470315 0.32762389 0.22906092 0.25342597
1 0.69658421 0.38013545 0.20683750 0.25799189
1 0.90598444 0.45661984 0.18803112 0.21461216
1 0.90256410 0.07419792 0.19487179 0.13470510
