0 0.13247934 0.16095649 0.08034462 0.07990707
0 0.24957593 0.37671189 0.10940171 0.13241863
0 0.24786051 0.73173830 0.06495486 0.07077523
0 0.10256104 0.71575408 0.03077251 0.05707748
0 0.37606881 0.59246729 0.03760618 0.09817074
0 0.60512974 0.63013786 0.05128052 0.09589129
0 0.60342132 0.81050214 0.07179553 0.08675945
0 0.72478895 0.40297118 0.07862920 0.10730258
0 0.93077224 0.20662268 0.08376145 0.09360482
0 0.88632539 0.86757962 0.04615527 0.05936395
0 0.84786500 0.45319627 0.09572737 0.09817074
0 0.75726288 0.55936263 0.12991672 0.11415496
0 0.44957276 0.35045962 0.06153802 0.07077523
