1 0.34119658 0.21643836 0.07658120 0.09863014
1 0.57641026 0.21643836 0.07111111 0.10958904
1 0.41777778 0.56164384 0.12034188 0.09863014
1 0.46153846 0.21643836 0.09846154 0.11506849
1 0.40136752 0.92328767 0.12034188 0.10410959
1 0.74598291 0.21095890 0.14769231 0.11506849
1 0.11863248 0.20000000 0.23726496 0.13150685
1 0.11589744 0.91232877 0.23179487 0.14794521
1 0.64205128 0.91780822 0.04923077 0.09315068
1 0.75145299 0.91780822 0.13128205 0.12054795
1 0.24820513 0.56164384 0.15316239 0.15342466
1 0.94957265 0.55616438 0.10085470 0.12054795
1 0.70222222 0.56712329 0.22974359 0.07671233
1 0.51623932 0.89589041 0.05470085 0.09315068
