1 0.18256410 0.40547945 0.04376068 0.05479452
1 0.44512821 0.10410959 0.10393162 0.07671233
1 0.05128205 0.08219178 0.04923077 0.06575342
1 0.42324786 0.42191781 0.06017094 0.08219178
1 0.29196581 0.08767123 0.05470085 0.07123288
1 0.84444444 0.78904110 0.07111111 0.07671233
1 0.66940171 0.77808219 0.06017094 0.08219178
1 0.54905983 0.43287671 0.06564103 0.08219178
1 0.97965812 0.46575342 0.04068376 0.07671233
1 0.32478632 0.42191781 0.07111111 0.09863014
1 0.03931624 0.38904110 0.07863248 0.11506849
1 0.80068376 0.46027397 0.12581197 0.07123288
