1 0.682906 0.760274 0.059829 0.086758
1 0.985470 0.086758 0.029060 0.105023
1 0.628205 0.053653 0.114530 0.093607
1 0.147863 0.036530 0.285470 0.068493
1 0.917094 0.437215 0.165812 0.093607
1 0.403419 0.047945 0.153846 0.091324
1 0.261538 0.705479 0.157265 0.136986
1 0.206838 0.376712 0.064957 0.091324
1 0.633333 0.404110 0.295726 0.100457
1 0.486325 0.738584 0.234188 0.130137
1 0.076068 0.355023 0.148718 0.130137
1 0.867521 0.771689 0.264957 0.109589
1 0.065812 0.711187 0.128205 0.130137
1 0.348718 0.382420 0.136752 0.121005
1 0.753846 0.069635 0.064957 0.121005
1 0.841026 0.065068 0.054701 0.125571
