1 0.98888889 0.70684932 0.02222222 0.06575342
1 0.27760684 0.04931507 0.06564103 0.08767123
1 0.94376068 0.35616438 0.11247863 0.12054795
1 0.60581197 0.03835616 0.07658120 0.07671233
1 0.86837607 0.70136986 0.10940171 0.09863014
1 0.32136752 0.70684932 0.13675214 0.10958904
1 0.11350427 0.04383562 0.06564103 0.08767123
1 0.76991453 0.35068493 0.15316239 0.14246575
1 0.39794872 0.04657534 0.07111111 0.09315068
1 0.69880342 0.71232877 0.09846154 0.09863014
1 0.52923077 0.36712329 0.08752137 0.12054795
1 0.78632479 0.05890411 0.16957265 0.11780822
1 0.31589744 0.36712329 0.19692308 0.12602740
