1 0.41982906 0.30410959 0.04376068 0.06027397
1 0.40341880 0.97260274 0.06564103 0.05479452
1 0.02666667 0.93424658 0.05333333 0.08219178
1 0.12444444 0.61643836 0.07658120 0.10410959
1 0.32683761 0.29863014 0.06017094 0.07671233
1 0.50188034 0.30410959 0.07111111 0.07123288
1 0.29401709 0.96027397 0.06564103 0.07945205
1 0.87264957 0.67671233 0.25470085 0.10958904
1 0.43623932 0.64383562 0.07658120 0.10958904
1 0.23384615 0.62191781 0.09846154 0.12602740
1 0.62222222 0.96712329 0.10940171 0.06575342
1 0.84649573 0.96849315 0.10393162 0.06301370
1 0.60581197 0.63835616 0.16957265 0.15342466
1 0.77538462 0.31506849 0.11487179 0.15342466
