1 0.05675214 0.55342466 0.07658120 0.08219178
1 0.10598291 0.19726027 0.06017094 0.08767123
1 0.11145299 0.90958904 0.05470085 0.09863014
1 0.17709402 0.55890411 0.07658120 0.09315068
1 0.41230769 0.53698630 0.07658120 0.10958904
1 0.22085470 0.90958904 0.09299145 0.11506849
1 0.63111111 0.55342466 0.06564103 0.09315068
1 0.96324786 0.90410959 0.07350427 0.10410959
0 0.43418803 0.16986301 0.12034188 0.17534247
1 0.83897436 0.54794521 0.06017094 0.06575342
1 0.93743590 0.55342466 0.04376068 0.06575342
