1 0.34324786 0.93150685 0.04376068 0.04931507
1 0.93401709 0.29041096 0.04923077 0.06027397
1 0.73709402 0.94794521 0.07111111 0.09863014
1 0.14085470 0.22465753 0.04923077 0.07123288
1 0.83555556 0.95068493 0.07658120 0.09863014
1 0.26119658 0.59726027 0.06564103 0.08219178
1 0.33777778 0.25205479 0.06017094 0.08767123
1 0.07521368 0.90958904 0.07658120 0.10410959
1 0.87931624 0.63013699 0.09846154 0.08219178
1 0.05128205 0.56438356 0.10256410 0.14246575
1 0.22290598 0.93150685 0.08752137 0.09863014
1 0.47452991 0.60273973 0.09299145 0.13150685
1 0.68786325 0.59726027 0.10393162 0.13698630
1 0.58393162 0.93698630 0.15316239 0.12602740
