1 0.44854701 0.64931507 0.09299145 0.08767123
1 0.04376068 0.94657534 0.08205128 0.10684932
1 0.68923077 0.35890411 0.10393162 0.10958904
1 0.31179487 0.32054795 0.52512821 0.16438356
1 0.76581197 0.67671233 0.08205128 0.10410959
1 0.95128205 0.03287671 0.09743590 0.06575342
1 0.38290598 0.03013699 0.28444444 0.06027397
1 0.93487179 0.72054795 0.13025641 0.13698630
1 0.69470085 0.03424658 0.26803419 0.06849315
1 0.17504274 0.63287671 0.21333333 0.15342466
1 0.95179487 0.37534247 0.06564103 0.10958904
