0 0.01794948 0.44977447 0.03589897 0.13241863
0 0.01196652 0.30936022 0.02393305 0.06164340
0 0.12564338 0.25342597 0.07008711 0.07762762
0 0.13076863 0.40981742 0.04273843 0.06164340
0 0.07179323 0.49543364 0.04786369 0.05936395
0 0.26581060 0.22716668 0.07008711 0.16210060
0 0.18803561 0.38013545 0.02734868 0.06620932
0 0.29572890 0.37899222 0.11281854 0.13698455
0 0.52392862 0.44292208 0.04957210 0.05479101
0 0.92649890 0.26712373 0.08888670 0.11415496
0 0.84530008 0.05136833 0.11795080 0.09817074
0 0.80769389 0.52739507 0.06666328 0.07306170
0 0.79914481 0.39269699 0.09401895 0.18265074
0 0.87691979 0.48401534 0.05812119 0.05936395
0 0.92735311 0.43264701 0.05641277 0.05251156
0 0.70170902 0.28196471 0.02905709 0.03424789
0 0.51880336 0.27854203 0.01880659 0.03196142
