1 0.354701 0.031963 0.094017 0.059361
1 0.688034 0.706621 0.097436 0.070776
1 0.567521 0.716895 0.064957 0.063927
1 0.595726 0.029680 0.087179 0.054795
1 0.113675 0.059361 0.223932 0.086758
1 0.934188 0.333333 0.087179 0.086758
1 0.151282 0.399543 0.076923 0.082192
1 0.403419 0.372146 0.102564 0.086758
1 0.579487 0.366438 0.109402 0.075342
1 0.255556 0.732877 0.141880 0.077626
1 0.737607 0.026256 0.203419 0.047945
1 0.911966 0.025114 0.070085 0.045662
1 0.905983 0.690639 0.188034 0.034247
1 0.106838 0.771689 0.056410 0.045662
