1 0.43623932 0.58082192 0.07658120 0.08219178
1 0.04170940 0.21369863 0.08341880 0.11506849
1 0.69880342 0.95616438 0.08752137 0.08767123
1 0.46358974 0.94246575 0.28444444 0.11506849
1 0.29948718 0.21369863 0.37196581 0.10410959
1 0.72068376 0.21369863 0.44307692 0.13698630
1 0.90820513 0.93972603 0.18358974 0.12054795
1 0.58940171 0.58630137 0.16410256 0.10410959
1 0.29401709 0.58630137 0.10940171 0.10958904
1 0.12444444 0.59726027 0.16410256 0.12602740
1 0.90547009 0.57534247 0.18905983 0.14246575
1 0.07589744 0.95068493 0.15179487 0.09863014
