1 0.26769231 0.40000000 0.09299145 0.11506849
1 0.26222222 0.74520548 0.09299145 0.11506849
1 0.79829060 0.14794521 0.09846154 0.14246575
1 0.49196581 0.48767123 0.18051282 0.13698630
1 0.93470085 0.23013699 0.13059829 0.16438356
1 0.87487179 0.91506849 0.05470085 0.11506849
1 0.96239316 0.94383562 0.06564103 0.11232877
1 0.47555556 0.80000000 0.06017094 0.10410959
1 0.57948718 0.84383562 0.06564103 0.07671233
1 0.08170940 0.71232877 0.14769231 0.10958904
1 0.73264957 0.89315068 0.05470085 0.09315068
1 0.72717949 0.54794521 0.05470085 0.10958904
1 0.33333333 0.04931507 0.09299145 0.09863014
1 0.43726496 0.08767123 0.05470085 0.09863014
1 0.59589744 0.12054795 0.08752137 0.11506849
