1 0.81811966 0.43287671 0.06017094 0.07671233
1 0.92752137 0.41643836 0.05470085 0.06575342
1 0.63760684 0.42739726 0.06017094 0.08219178
1 0.57196581 0.78904110 0.13128205 0.08767123
1 0.25470085 0.44383562 0.07111111 0.09863014
1 0.47897436 0.43835616 0.12581197 0.09863014
1 0.06170940 0.46027397 0.12341880 0.12054795
1 0.20000000 0.82191781 0.20239316 0.12054795
1 0.18358974 0.08219178 0.04923077 0.10410959
1 0.33675214 0.06575342 0.12581197 0.09315068
1 0.50632479 0.06027397 0.03282051 0.06027397
1 0.65948718 0.78904110 0.05470085 0.09315068
