1 0.91008547 0.78904110 0.08752137 0.10410959
1 0.04205128 0.41095890 0.08410256 0.11506849
1 0.98102564 0.44383562 0.03794872 0.10410959
1 0.05675214 0.76164384 0.09299145 0.13150685
1 0.24820513 0.76712329 0.09299145 0.12054795
1 0.74598291 0.80000000 0.08752137 0.12602740
1 0.28102564 0.07671233 0.21333333 0.12602740
1 0.39589744 0.78356164 0.10940171 0.11506849
1 0.77880342 0.09315068 0.21333333 0.15342466
1 0.58188034 0.78356164 0.18051282 0.12054795
1 0.55452991 0.08219178 0.20239316 0.14794521
1 0.07863248 0.06438356 0.14222222 0.12876712
1 0.39589744 0.41643836 0.16410256 0.14794521
1 0.81709402 0.45479452 0.19692308 0.12602740
