1 0.82666667 0.25753425 0.07111111 0.09863014
1 0.62427350 0.95342466 0.12034188 0.09315068
1 0.26871795 0.59726027 0.07111111 0.08767123
1 0.91965812 0.59178082 0.12034188 0.10410959
1 0.11008547 0.26849315 0.06564103 0.09863014
1 0.17025641 0.95890411 0.13675214 0.08219178
1 0.73914530 0.59178082 0.12034188 0.12602740
1 0.06324786 0.59726027 0.12649573 0.10958904
1 0.87042735 0.95068493 0.09846154 0.09863014
1 0.02085470 0.26301370 0.04170940 0.09863014
1 0.93606838 0.25205479 0.10393162 0.10958904
1 0.41094017 0.58082192 0.11487179 0.12602740
1 0.26324786 0.25205479 0.09846154 0.12602740
