0 0.21111138 0.03881205 0.06324644 0.06849578
0 0.16153928 0.08447825 0.04615527 0.05479101
0 0.13162098 0.97260318 0.06837869 0.05479364
0 0.07093716 0.95205173 0.05641277 0.05936395
0 0.12393310 0.89611748 0.04615527 0.07990707
0 0.11965506 0.64269151 0.07862920 0.06620932
0 0.06324929 0.52283441 0.04444685 0.06849578
0 0.19059638 0.55137315 0.02905709 0.02511605
0 0.09486901 0.36529973 0.04273843 0.04565918
0 0.20256230 0.34018367 0.05982961 0.05936395
0 0.27777466 0.28767211 0.03589776 0.04565918
0 0.33589585 0.81278773 0.04615527 0.04565918
0 0.06666612 0.72146236 0.04102302 0.05479101
0 0.12137048 0.72031912 0.04444685 0.05251156
0 0.20854876 0.62557107 0.05128052 0.04565918
0 0.31110980 0.41894751 0.05128052 0.05707748
0 0.58461757 0.58104811 0.05812119 0.07990707
0 0.36495995 0.15981940 0.04615527 0.04109326
0 0.18290850 0.20547858 0.06153802 0.05022510
0 0.00598088 0.83561732 0.01196176 0.04109326
0 0.04615111 0.79109436 0.04786369 0.04337973
0 0.33077060 0.62899375 0.03589776 0.04337973
0 0.39401704 0.57876866 0.02905709 0.02968197
0 0.38205112 0.61073008 0.03589776 0.03881381
0 0.69487349 0.40297030 0.03931460 0.03881381
