0 0.55897731 0.19292318 0.18119724 0.18493019
0 0.53504547 0.04451989 0.10940171 0.08903978
0 0.46666678 0.63926795 0.18803091 0.26483726
0 0.44017231 0.86301195 0.16581448 0.20091441
0 0.27949008 0.81050214 0.11795080 0.37899573
0 0.57777690 0.44977184 0.11965921 0.17808482
0 0.38632216 0.35844647 0.21880342 0.36072855
0 0.75811993 0.26027573 0.07692078 0.10958904
0 0.67606690 0.09246597 0.11111013 0.12100734
0 0.60512558 0.96232942 0.23589459 0.07534115
0 0.60769521 0.83447321 0.12820830 0.12100734
0 0.14187848 0.73515923 0.11624238 0.39269699
