1 0.40991453 0.06301370 0.08205128 0.08219178
1 0.96478632 0.06849315 0.07042735 0.10410959
1 0.91863248 0.91780822 0.08752137 0.10410959
1 0.45914530 0.49041096 0.09299145 0.10410959
1 0.67794872 0.49589041 0.09299145 0.09315068
1 0.80376068 0.06849315 0.13128205 0.11506849
1 0.09811966 0.07397260 0.10940171 0.13150685
1 0.62871795 0.06849315 0.16410256 0.12054795
1 0.28957265 0.49589041 0.16410256 0.12602740
1 0.82017094 0.48493151 0.10940171 0.12054795
1 0.24034188 0.90136986 0.10940171 0.15342466
1 0.24581197 0.07397260 0.14222222 0.12602740
