1 0.95863248 0.80547945 0.08273504 0.10958904
1 0.23623932 0.33424658 0.06564103 0.10958904
1 0.52615385 0.36164384 0.06017094 0.09863014
1 0.85982906 0.05205479 0.11487179 0.10410959
1 0.72854701 0.77260274 0.22427350 0.15890411
1 0.51521368 0.73972603 0.09299145 0.13150685
1 0.52615385 0.01917808 0.09299145 0.03835616
1 0.04290598 0.65205479 0.08581197 0.10958904
1 0.33470085 0.69041096 0.12034188 0.13698630
1 0.68478632 0.41095890 0.06564103 0.10410959
1 0.65743590 0.01780822 0.09846154 0.03561644
