1 0.22529915 0.80273973 0.09299145 0.09315068
1 0.37846154 0.79178082 0.14222222 0.10410959
1 0.25264957 0.06849315 0.21880342 0.11506849
1 0.56991453 0.06301370 0.09299145 0.09863014
1 0.08307692 0.80821918 0.06564103 0.09315068
1 0.79418803 0.41369863 0.10940171 0.10958904
1 0.28547009 0.43013699 0.17504274 0.10410959
1 0.53709402 0.41369863 0.19692308 0.10410959
0 0.58632479 0.97808219 0.07111111 0.04383562
1 0.93094017 0.40273973 0.07111111 0.08219178
1 0.65743590 0.79178082 0.03829060 0.08767123
1 0.73948718 0.78630137 0.04376068 0.07123288
