0 0.30683876 0.19520877 0.08376145 0.34931726
0 0.45470085 0.24314740 0.20171225 0.11644142
0 0.43846389 0.08561973 0.16581448 0.13927101
0 0.23760585 0.21803836 0.05812119 0.08447299
0 0.23162639 0.30822049 0.06666328 0.07306170
0 0.25213440 0.14155397 0.02905709 0.06392986
0 0.35127861 0.39497995 0.07008711 0.05022510
0 0.34615335 0.51255759 0.11452696 0.09360482
0 0.38717637 0.65639452 0.25128435 0.13470510
0 0.30256071 0.90639123 0.09572737 0.18721753
0 0.13675323 0.43949589 0.13675039 0.16210060
0 0.12905835 0.88584767 0.06324644 0.10045721
0 0.09486901 0.18949962 0.05641277 0.08219353
0 0.04273636 0.05137184 0.08547271 0.09817074
0 0.11965506 0.09475156 0.03760618 0.05707748
0 0.12222468 0.65639452 0.12478446 0.06164340
0 0.12905835 0.74086751 0.14529947 0.05251156
