1 0.03418913 0.07762674 0.06837826 0.15525348
1 0.43675219 0.13128066 0.27863303 0.20775978
1 0.85897627 0.14041249 0.22735251 0.19406203
1 0.15128550 0.83105140 0.10427646 0.12785271
1 0.45982983 0.84360592 0.37265198 0.13927101
1 0.83504443 0.86529929 0.14529947 0.15524822
1 0.96154021 0.86872197 0.07691958 0.16210060
0 0.25299233 0.69863277 0.07521236 0.11415496
0 0.12051298 0.61073008 0.05982961 0.06620932
0 0.34273324 0.39383847 0.03931460 0.07077523
0 0.30256443 0.97260142 0.07179553 0.05479715
