1 0.93743590 0.13150685 0.08752137 0.13698630
1 0.18700855 0.89863014 0.37401709 0.15342466
1 0.55452991 0.89315068 0.22974359 0.16986301
1 0.66940171 0.52602740 0.22974359 0.15890411
1 0.45606838 0.50958904 0.09299145 0.13698630
1 0.78427350 0.13150685 0.17504274 0.16438356
1 0.87435897 0.87671233 0.25128205 0.18630137
1 0.08170940 0.53150685 0.16341880 0.15342466
1 0.48341880 0.13150685 0.32273504 0.14794521
1 0.28649573 0.51506849 0.20239316 0.14794521
1 0.90717949 0.50410959 0.18564103 0.15342466
1 0.14598291 0.12602740 0.29196581 0.14794521
