0 0.26837837 0.94178148 0.19145474 0.11643704
0 0.23248060 0.25685041 0.09231054 0.14840285
0 0.33418743 0.24886181 0.07692078 0.13241863
0 0.35299402 0.42123047 0.07692078 0.08447299
0 0.17435941 0.78995463 0.07179553 0.09589129
0 0.25213440 0.64611770 0.04273843 0.10045721
0 0.40769138 0.57305600 0.04273843 0.05936395
0 0.12820414 0.57648570 0.07179553 0.06164340
0 0.13931586 0.29109830 0.08376145 0.07990707
0 0.43931810 0.31278466 0.03760618 0.05479101
0 0.16324770 0.40182356 0.09743579 0.11872088
0 0.47948691 0.40525326 0.07008711 0.07534115
0 0.32051309 0.82305929 0.06666328 0.06164340
0 0.51196784 0.06621107 0.02222343 0.07306170
0 0.43162322 0.94406663 0.04273843 0.06164340
0 0.34444494 0.66552460 0.10427646 0.06164340
0 0.31538784 0.54794696 0.06666328 0.08219353
0 0.09486901 0.69977249 0.08034462 0.07077523
0 0.12564152 0.95319847 0.08376145 0.08447299
0 0.04957495 0.91438466 0.05469735 0.07077523
0 0.07777783 0.79566378 0.09401895 0.09360482
0 0.09486901 0.12785447 0.11795080 0.14611638
0 0.52136413 0.65068362 0.07179553 0.11415496
