1 0.62427350 0.42739726 0.07658120 0.08219178
1 0.03897436 0.38356164 0.06564103 0.07123288
1 0.56410256 0.78356164 0.09299145 0.09863014
1 0.87589744 0.81095890 0.22427350 0.11506849
1 0.29606838 0.06027397 0.09299145 0.10958904
1 0.84307692 0.13150685 0.10940171 0.10958904
1 0.36170940 0.76164384 0.08205128 0.12054795
1 0.78290598 0.43835616 0.12581197 0.12054795
1 0.46564103 0.41095890 0.10940171 0.13698630
1 0.61880342 0.08219178 0.13128205 0.10958904
1 0.17572650 0.74520548 0.07658120 0.06575342
1 0.23589744 0.41095890 0.05470085 0.09863014
