1 0.249573 0.777397 0.116239 0.098174
1 0.060684 0.744292 0.117949 0.082192
1 0.805128 0.470320 0.054701 0.077626
1 0.694872 0.470320 0.070085 0.073059
1 0.335897 0.429224 0.169231 0.073059
1 0.098291 0.076484 0.193162 0.121005
1 0.103419 0.404110 0.131624 0.100457
1 0.502564 0.793379 0.054701 0.075342
1 0.377778 0.085616 0.088889 0.066210
1 0.451282 0.444064 0.037607 0.052511
1 0.504274 0.448630 0.037607 0.052511
1 0.630769 0.124429 0.037607 0.052511
1 0.740171 0.131279 0.037607 0.052511
1 0.740171 0.809361 0.037607 0.052511
1 0.852991 0.827626 0.037607 0.052511
1 0.353846 0.765982 0.037607 0.052511
1 0.230769 0.086758 0.044444 0.050228
