1 0.36615385 0.83561644 0.05470085 0.06575342
1 0.01897436 0.49041096 0.03794872 0.06575342
1 0.08717949 0.82465753 0.04376068 0.05479452
1 0.60683761 0.85205479 0.06564103 0.07123288
1 0.18564103 0.83561644 0.04923077 0.06575342
1 0.82017094 0.84657534 0.08752137 0.10958904
1 0.95692308 0.85753425 0.08205128 0.09863014
1 0.83658120 0.20547945 0.08752137 0.09863014
1 0.42632479 0.49589041 0.08205128 0.11506849
1 0.87487179 0.51780822 0.13128205 0.11506849
1 0.70529915 0.52328767 0.14769231 0.12054795
1 0.66700855 0.20000000 0.11487179 0.10958904
1 0.30051282 0.14520548 0.10940171 0.12054795
