1 0.83247863 0.83561644 0.09299145 0.07671233
1 0.37299145 0.87397260 0.07111111 0.06575342
1 0.07213675 0.55068493 0.06564103 0.07671233
1 0.94735043 0.49041096 0.09846154 0.09315068
1 0.88717949 0.14520548 0.18598291 0.09863014
1 0.12683761 0.18904110 0.04923077 0.05479452
1 0.28000000 0.20000000 0.08205128 0.06575342
1 0.40034188 0.17808219 0.04376068 0.03287671
1 0.48239316 0.16712329 0.07111111 0.05479452
1 0.59179487 0.17808219 0.07658120 0.06027397
1 0.74495726 0.15616438 0.04376068 0.04931507
1 0.18700855 0.55616438 0.06017094 0.07123288
1 0.26358974 0.53972603 0.04923077 0.07671233
1 0.34564103 0.53424658 0.06564103 0.05479452
1 0.50427350 0.52876712 0.06017094 0.07123288
1 0.64102564 0.50136986 0.05470085 0.07671233
1 0.75042735 0.50136986 0.05470085 0.06575342
1 0.81606838 0.49041096 0.03829060 0.04383562
0 0.42769231 0.95616438 0.03282051 0.06027397
1 0.56444444 0.86301370 0.03829060 0.06027397
1 0.01692308 0.90136986 0.03384615 0.04383562
1 0.07760684 0.91232877 0.04376068 0.04383562
