1 0.85982906 0.62191781 0.05470085 0.08219178
1 0.26905983 0.53424658 0.06017094 0.06027397
1 0.65196581 0.56712329 0.03829060 0.06575342
1 0.17059829 0.51780822 0.04923077 0.06575342
1 0.38393162 0.53972603 0.04376068 0.06027397
1 0.44410256 0.21643836 0.05470085 0.06575342
1 0.55350427 0.56164384 0.04376068 0.06575342
1 0.20888889 0.19452055 0.05470085 0.07671233
1 0.04017094 0.50684932 0.08034188 0.07671233
1 0.89811966 0.63287671 0.06564103 0.08219178
1 0.58085470 0.23287671 0.12034188 0.08767123
1 0.08854701 0.18356164 0.06017094 0.08219178
1 0.18153846 0.85205479 0.10940171 0.09315068
