1 0.02495726 0.31232877 0.04991453 0.10958904
1 0.11008547 0.33424658 0.07111111 0.11506849
1 0.22495726 0.05479452 0.20239316 0.10410959
1 0.01264957 0.65205479 0.02529915 0.12602740
1 0.50940171 0.09315068 0.11487179 0.14246575
1 0.24683761 0.37260274 0.08752137 0.11506849
1 0.44376068 0.41643836 0.13675214 0.10958904
1 0.87042735 0.18082192 0.15316239 0.10958904
1 0.11555556 0.97808219 0.19692308 0.04383562
1 0.59692308 0.45479452 0.13675214 0.14794521
1 0.79931624 0.50410959 0.18051282 0.13698630
1 0.67350427 0.12054795 0.17504274 0.17534247
