1 0.26769231 0.66301370 0.07111111 0.06575342
1 0.65059829 0.03835616 0.14769231 0.07671233
1 0.66700855 0.70136986 0.07111111 0.08219178
1 0.38256410 0.67945205 0.08205128 0.08219178
1 0.56307692 0.68493151 0.09299145 0.09863014
1 0.34974359 0.32876712 0.07111111 0.08767123
1 0.03264957 0.65205479 0.06529915 0.09863014
1 0.39897436 0.97945205 0.13128205 0.04109589
1 0.80376068 0.04383562 0.07658120 0.08767123
1 0.83658120 0.37808219 0.09299145 0.12602740
1 0.16376068 0.96849315 0.26256410 0.06301370
1 0.13641026 0.03150685 0.20786325 0.06301370
