0 0.15812103 0.27854203 0.08376145 0.08675945
0 0.33760985 0.74087101 0.09743579 0.13013918
0 0.34786035 0.88813063 0.13162514 0.12328679
0 0.47179761 0.14611638 0.08205303 0.08219353
0 0.54871839 0.12328679 0.05812119 0.07306170
0 0.58974140 0.02853874 0.03760618 0.04337973
0 0.64444576 0.13013918 0.07179553 0.09589129
0 0.47863128 0.51940647 0.04102302 0.05251156
0 0.51025800 0.59703408 0.04273843 0.05707748
0 0.98974403 0.45434038 0.02051195 0.05936395
0 0.92137037 0.68949567 0.03418935 0.06392986
0 0.94187837 0.60045677 0.07179553 0.07762762
0 0.89401469 0.02739551 0.05812119 0.05022510
0 0.99145069 0.02739551 0.01709861 0.05022510
