1 0.78735043 0.77534247 0.04923077 0.05479452
1 0.60136752 0.44109589 0.04376068 0.06575342
1 0.39897436 0.78630137 0.06564103 0.08219178
1 0.45367521 0.44109589 0.04923077 0.07123288
1 0.89675214 0.10684932 0.08205128 0.09315068
1 0.70529915 0.44657534 0.04376068 0.06027397
1 0.27863248 0.44109589 0.09299145 0.12054795
1 0.15282051 0.45205479 0.10393162 0.13150685
1 0.04341880 0.10136986 0.06564103 0.09863014
1 0.89675214 0.45753425 0.09299145 0.12602740
1 0.10905983 0.78082192 0.11487179 0.10958904
1 0.52478632 0.77534247 0.12581197 0.11506849
