1 0.44170940 0.31506849 0.15316239 0.13698630
1 0.00068376 0.57260274 0.00136752 0.07671233
1 0.40341880 0.66027397 0.10393162 0.15890411
1 0.32136752 0.99726027 0.07111111 0.00547945
1 0.25572650 0.63835616 0.09299145 0.13150685
1 0.14085470 0.61643836 0.08752137 0.13150685
1 0.18461538 0.96164384 0.10940171 0.07671233
1 0.98205128 0.84109589 0.03589744 0.19726027
1 0.94923077 0.45205479 0.10153846 0.14246575
1 0.46358974 0.02876712 0.22974359 0.05753425
1 0.92871795 0.09178082 0.14256410 0.18356164
1 0.22837607 0.26575342 0.15316239 0.14794521
1 0.67692308 0.72602740 0.39384615 0.20821918
