1 0.632479 0.723744 0.064957 0.077626
1 0.594017 0.041096 0.042735 0.050228
1 0.508547 0.027397 0.104274 0.050228
1 0.156410 0.033105 0.097436 0.061644
1 0.970940 0.021689 0.044444 0.038813
1 0.396581 0.728311 0.082051 0.082192
1 0.303419 0.029680 0.141880 0.054795
1 0.835043 0.025114 0.066667 0.045662
1 0.698291 0.026256 0.066667 0.047945
1 0.238462 0.721461 0.070085 0.109589
1 0.524786 0.722603 0.071795 0.102740
1 0.062393 0.712329 0.121368 0.109589
1 0.697436 0.718037 0.051282 0.061644
1 0.752991 0.735160 0.035897 0.050228
1 0.862393 0.742009 0.035897 0.050228
1 0.155556 0.729452 0.044444 0.070776
1 0.078632 0.045662 0.044444 0.050228
