1 0.91555556 0.61095890 0.16410256 0.08767123
1 0.69675214 0.26575342 0.10940171 0.09863014
1 0.14974359 0.55068493 0.27350427 0.12054795
1 0.82256410 0.94520548 0.22427350 0.10410959
1 0.06940171 0.86301370 0.13880342 0.12054795
1 0.43965812 0.91780822 0.10393162 0.10410959
1 0.43965812 0.57808219 0.11487179 0.12054795
1 0.27008547 0.89041096 0.16957265 0.11506849
1 0.11726496 0.21643836 0.23452991 0.13150685
1 0.40683761 0.23835616 0.28991453 0.15342466
1 0.83897436 0.27123288 0.04376068 0.08219178
1 0.61470085 0.58904110 0.17504274 0.08219178
1 0.94837607 0.29315068 0.06017094 0.04931507
1 0.65299145 0.94520548 0.06017094 0.06027397
