1 0.30940171 0.21095890 0.09846154 0.15342466
1 0.95692308 0.93698630 0.08615385 0.12602740
1 0.82974359 0.57808219 0.34051282 0.13698630
1 0.73606838 0.20547945 0.15863248 0.14246575
1 0.44615385 0.93972603 0.10940171 0.12054795
1 0.65948718 0.94109589 0.13128205 0.11780822
1 0.91863248 0.20000000 0.16273504 0.14794521
1 0.51179487 0.22739726 0.21333333 0.18630137
1 0.27111111 0.93698630 0.18051282 0.12602740
1 0.06034188 0.94520548 0.12068376 0.10958904
1 0.13435897 0.22739726 0.20786325 0.16438356
1 0.39692308 0.58904110 0.44854701 0.15342466
