1 0.21982906 0.33972603 0.10393162 0.11506849
1 0.80512821 0.70136986 0.15316239 0.11506849
1 0.94632479 0.72328767 0.10735043 0.12602740
1 0.12136752 0.65205479 0.15863248 0.10958904
1 0.29641026 0.97671233 0.19145299 0.04657534
1 0.63555556 0.03287671 0.10940171 0.06575342
1 0.78324786 0.03835616 0.10940171 0.07671233
1 0.29641026 0.03150685 0.12034188 0.06301370
1 0.95452991 0.37808219 0.09094017 0.12054795
1 0.51521368 0.33972603 0.19145299 0.12602740
1 0.76683761 0.36164384 0.12034188 0.14794521
1 0.94358974 0.06164384 0.11282051 0.12328767
1 0.61367521 0.70136986 0.08752137 0.09863014
1 0.26358974 0.67945205 0.10940171 0.10958904
1 0.41128205 0.67945205 0.10940171 0.13150685
1 0.06205128 0.31780822 0.12410256 0.11506849
