1 0.91008547 0.24383562 0.15863248 0.10410959
1 0.70222222 0.95068493 0.04923077 0.09315068
1 0.82256410 0.96712329 0.07658120 0.06575342
1 0.56000000 0.53972603 0.08752137 0.11506849
1 0.27008547 0.45205479 0.20786325 0.13150685
1 0.78427350 0.59452055 0.09846154 0.11506849
1 0.11145299 0.04931507 0.11487179 0.09863014
1 0.25914530 0.82465753 0.14769231 0.13150685
1 0.38495726 0.09589041 0.19692308 0.13698630
1 0.64752137 0.18904110 0.24068376 0.12602740
1 0.52170940 0.90684932 0.06017094 0.09315068
1 0.61470085 0.92876712 0.08752137 0.11506849
1 0.95094017 0.64931507 0.09811966 0.11506849
1 0.39589744 0.86849315 0.07111111 0.09863014
1 0.95914530 0.98630137 0.08170940 0.02739726
1 0.00376068 0.01643836 0.00752137 0.03287671
