1 0.55760684 0.11506849 0.04376068 0.07123288
1 0.02581197 0.74520548 0.05162393 0.12054795
1 0.46461538 0.09863014 0.10940171 0.08767123
1 0.39897436 0.77808219 0.11487179 0.08767123
1 0.03264957 0.75616438 0.06529915 0.10958904
1 0.67247863 0.12602740 0.11487179 0.10410959
1 0.14188034 0.75616438 0.10393162 0.09863014
1 0.23487179 0.08767123 0.11487179 0.10958904
1 0.82564103 0.13698630 0.13128205 0.12054795
1 0.09811966 0.07123288 0.07658120 0.10410959
1 0.63418803 0.80547945 0.14222222 0.11506849
1 0.91282051 0.82191781 0.17435897 0.12602740
