1 0.74256410 0.74794521 0.06564103 0.09315068
1 0.32683761 0.35342466 0.09846154 0.08767123
1 0.01435897 0.33150685 0.02871795 0.08219178
1 0.84102564 0.74794521 0.10940171 0.10958904
1 0.20649573 0.34794521 0.09846154 0.08767123
1 0.09709402 0.33698630 0.06564103 0.08219178
1 0.28854701 0.34794521 0.18051282 0.10958904
1 0.95880342 0.76438356 0.08239316 0.12054795
1 0.45811966 0.73698630 0.11487179 0.11506849
1 0.63863248 0.75342466 0.13675214 0.14794521
1 0.45811966 0.38630137 0.09846154 0.12054795
1 0.75897436 0.39178082 0.30632479 0.13698630
1 0.15247863 0.69863014 0.30495726 0.15342466
