1 0.78085470 0.59452055 0.07658120 0.05479452
1 0.35418803 0.15616438 0.05470085 0.07123288
1 0.94512821 0.58904110 0.10974359 0.10958904
1 0.13538462 0.53972603 0.08752137 0.12054795
1 0.03350427 0.52876712 0.06700855 0.12054795
1 0.95880342 0.17808219 0.08239316 0.15890411
1 0.14837607 0.94794521 0.29675214 0.10410959
1 0.57846154 0.15068493 0.21880342 0.15342466
1 0.18461538 0.11780822 0.10940171 0.15342466
1 0.35418803 0.54520548 0.22427350 0.16438356
1 0.90273504 0.97260274 0.19452991 0.05479452
1 0.59487179 0.94931507 0.23521368 0.10136986
