0 0.05470168 0.35045786 0.10940335 0.20319386
0 0.12051249 0.61529512 0.24102498 0.27625556
0 0.53931881 0.25000066 0.18632249 0.18949611
0 0.26666524 0.77397304 0.16068223 0.21461216
0 0.02991387 0.92808504 0.05982775 0.13470510
0 0.06752263 0.80365501 0.13504197 0.19634849
0 0.86923236 0.06164208 0.10085262 0.12328416
0 0.53418656 0.87443025 0.06324644 0.10045721
0 0.57863341 0.67580230 0.15214014 0.17808482
0 0.92478392 0.81164362 0.09914421 0.10273666
0 0.61453117 0.98858521 0.07350395 0.02282959
0 0.97435788 0.08447518 0.05128424 0.16895036
0 0.59572458 0.48858564 0.06666328 0.11415496
0 0.83760563 0.31849644 0.06837869 0.09817074
0 0.80598591 0.66894992 0.10085262 0.11415496
0 0.97264760 0.62899288 0.04786369 0.04337973
0 0.62820551 0.83447321 0.07692078 0.13013918
0 0.42906289 0.63355879 0.14700789 0.25342597
0 0.42734747 0.15753205 0.07862920 0.11415496
0 0.20768985 0.38584197 0.17606498 0.17351890
0 0.67436078 0.04451989 0.07350395 0.08903978
0 0.48119762 0.07991145 0.08034462 0.13698455
0 0.90256749 0.34246225 0.04786369 0.05936395
