1 0.16512821 0.85205479 0.03282051 0.05479452
1 0.23076923 0.18356164 0.04376068 0.05479452
1 0.33470085 0.20000000 0.04376068 0.05479452
1 0.14871795 0.51232877 0.03829060 0.06027397
1 0.81059829 0.56712329 0.03829060 0.05479452
1 0.07213675 0.50136986 0.06017094 0.06575342
1 0.02649573 0.17260274 0.05299145 0.06575342
1 0.35658120 0.86301370 0.04376068 0.04931507
1 0.51521368 0.87945205 0.06017094 0.07671233
1 0.05521368 0.83013699 0.11042735 0.08219178
1 0.12136752 0.17808219 0.05470085 0.06575342
1 0.28000000 0.51780822 0.07111111 0.07671233
1 0.26358974 0.85205479 0.06564103 0.07671233
