1 0.87025641 0.07123288 0.25948718 0.10410959
1 0.05128205 0.88219178 0.08205128 0.12054795
1 0.24820513 0.87123288 0.06017094 0.08219178
1 0.05675214 0.51506849 0.04923077 0.09863014
1 0.18256410 0.51506849 0.07111111 0.08219178
1 0.34119658 0.12602740 0.04923077 0.06575342
1 0.46700855 0.10958904 0.12034188 0.09863014
1 0.04581197 0.13150685 0.06564103 0.06575342
1 0.86632479 0.47123288 0.07111111 0.10410959
1 0.64205128 0.09863014 0.10940171 0.09863014
1 0.64752137 0.47123288 0.24068376 0.12054795
1 0.28649573 0.50958904 0.05470085 0.09315068
1 0.42871795 0.49315068 0.10393162 0.09863014
1 0.72410256 0.84931507 0.08752137 0.11506849
1 0.36854701 0.85479452 0.09299145 0.10958904
1 0.96324786 0.46027397 0.07350427 0.12054795
1 0.90461538 0.83287671 0.17504274 0.12054795
0 0.06769231 0.73424658 0.03829060 0.04931507
1 0.18256410 0.13150685 0.09846154 0.07671233
