1 0.54153846 0.25205479 0.17504274 0.07671233
1 0.74940171 0.23013699 0.06564103 0.09315068
1 0.91897436 0.22465753 0.09846154 0.10958904
1 0.91435897 0.95753425 0.17128205 0.08493151
1 0.69470085 0.95205479 0.20239316 0.09589041
1 0.30085470 0.96849315 0.36102564 0.06301370
1 0.86427350 0.59178082 0.11487179 0.10958904
1 0.04923077 0.66849315 0.09846154 0.09315068
1 0.03829060 0.31232877 0.07658120 0.08767123
1 0.25709402 0.27945205 0.06564103 0.09863014
1 0.39931624 0.62465753 0.08205128 0.07671233
1 0.35008547 0.26301370 0.07111111 0.08767123
