1 0.050427 0.404110 0.066667 0.086758
1 0.284615 0.875571 0.111111 0.239726
1 0.870940 0.474886 0.049573 0.059361
1 0.285470 0.425799 0.071795 0.121005
1 0.790598 0.842466 0.210256 0.146119
1 0.526496 0.052511 0.047863 0.082192
1 0.968376 0.881279 0.063248 0.100457
1 0.766667 0.486301 0.066667 0.082192
1 0.423932 0.444064 0.157265 0.162100
1 0.618803 0.853881 0.119658 0.155251
1 0.657265 0.075342 0.042735 0.059361
1 0.842735 0.102740 0.136752 0.114155
1 0.361538 0.054795 0.186325 0.105023
1 0.576068 0.455479 0.143590 0.098174
