1 0.61572650 0.32328767 0.04923077 0.05479452
1 0.80717949 0.31232877 0.06564103 0.09315068
1 0.41880342 0.69589041 0.07111111 0.09863014
1 0.05777778 0.72876712 0.09846154 0.09863014
1 0.20547009 0.71780822 0.06564103 0.10410959
1 0.36957265 0.03013699 0.13675214 0.06027397
1 0.13982906 0.03698630 0.12581197 0.07397260
1 0.05230769 0.37808219 0.09299145 0.10410959
1 0.18358974 0.35616438 0.09299145 0.08219178
1 0.26564103 0.35616438 0.04376068 0.08219178
1 0.46256410 0.33424658 0.07658120 0.06027397
