1 0.50188034 0.97808219 0.15316239 0.04383562
1 0.23931624 0.96849315 0.28444444 0.06301370
1 0.38153846 0.34794521 0.06564103 0.08219178
1 0.58940171 0.37534247 0.08752137 0.10410959
1 0.13538462 0.33150685 0.06564103 0.06575342
1 0.25025641 0.33150685 0.08205128 0.09863014
1 0.89572650 0.72054795 0.14222222 0.12602740
1 0.63863248 0.70958904 0.20786325 0.12054795
1 0.86837607 0.04794521 0.25162393 0.09589041
1 0.26666667 0.02739726 0.11487179 0.05479452
1 0.73709402 0.36986301 0.14769231 0.12054795
1 0.93008547 0.38630137 0.13982906 0.13150685
1 0.60581197 0.04246575 0.18051282 0.08493151
1 0.08547009 0.64931507 0.17094017 0.09863014
1 0.34871795 0.67671233 0.08205128 0.09315068
1 0.45811966 0.68767123 0.06564103 0.10958904
