1 0.901709 0.339041 0.186325 0.148402
1 0.216239 0.321918 0.052991 0.054795
1 0.941026 0.662100 0.104274 0.100457
1 0.802564 0.958904 0.391453 0.077626
1 0.070085 0.634703 0.082051 0.105023
1 0.355556 0.954338 0.116239 0.086758
1 0.366667 0.644977 0.251282 0.093607
1 0.635043 0.344749 0.104274 0.114155
1 0.053846 0.311644 0.104274 0.121005
1 0.694872 0.650685 0.285470 0.127854
1 0.481197 0.317352 0.114530 0.132420
1 0.036752 0.946347 0.070085 0.107306
1 0.464957 0.963470 0.054701 0.068493
1 0.574359 0.972603 0.075214 0.050228
