0 0.22222310 0.39725852 0.12991672 0.14611638
0 0.11538401 0.83790115 0.09401895 0.08675945
0 0.06837454 0.92351737 0.09231054 0.10730258
0 0.36666836 0.84361030 0.07692078 0.13013918
0 0.26837837 0.69064153 0.08888670 0.10730258
0 0.15213599 0.98287693 0.06837869 0.03424614
0 0.57863111 0.01484055 0.05298894 0.02968110
0 0.31110980 0.16323945 0.07862920 0.06620932
0 0.43760968 0.52854093 0.06153802 0.06164340
0 0.38974600 0.63013436 0.11624238 0.13241863
0 0.05042773 0.63812997 0.10085547 0.13013918
0 0.45384665 0.08447562 0.07350395 0.09589129
0 0.95640834 0.03196449 0.05641277 0.06392899
