1 0.14769231 0.15068493 0.06017094 0.06027397
1 0.12581197 0.88493151 0.04376068 0.05479452
1 0.70017094 0.26575342 0.11487179 0.07671233
1 0.48136752 0.39726027 0.04923077 0.06027397
1 0.85880342 0.94520548 0.05470085 0.07123288
1 0.37196581 0.58904110 0.07111111 0.08767123
1 0.33914530 0.91232877 0.06017094 0.07123288
1 0.28991453 0.60547945 0.05470085 0.10410959
1 0.76034188 0.91780822 0.06564103 0.07671233
1 0.28991453 0.24931507 0.07111111 0.07123288
1 0.43213675 0.24931507 0.08205128 0.08219178
1 0.94632479 0.24931507 0.09299145 0.10410959
1 0.55794872 0.24383562 0.09299145 0.09863014
1 0.47589744 0.89589041 0.07658120 0.09863014
1 0.77128205 0.57808219 0.10940171 0.11506849
1 0.63452991 0.60547945 0.09846154 0.09863014
