1 0.55760684 0.08493151 0.16410256 0.10410959
1 0.29504274 0.06301370 0.26803419 0.09863014
1 0.96478632 0.12876712 0.07042735 0.10410959
1 0.72170940 0.78082192 0.09299145 0.10410959
1 0.24581197 0.39726027 0.18598291 0.12602740
1 0.43726496 0.40273973 0.16957265 0.11506849
1 0.79794872 0.45205479 0.40410256 0.12602740
1 0.48649573 0.76438356 0.15863248 0.14794521
1 0.95247863 0.79726027 0.09504274 0.13150685
1 0.05316239 0.37534247 0.10632479 0.13150685
1 0.09264957 0.73150685 0.15863248 0.14246575
1 0.77641026 0.10684932 0.16410256 0.09315068
