1 0.57504274 0.44383562 0.09299145 0.11506849
1 0.33435897 0.39452055 0.09299145 0.09863014
1 0.67350427 0.83835616 0.07658120 0.11506849
1 0.40000000 0.05068493 0.10940171 0.10136986
1 0.04820513 0.00136986 0.09641026 0.00273973
1 0.87042735 0.50958904 0.10393162 0.15342466
1 0.60786325 0.08767123 0.22427350 0.13698630
1 0.09367521 0.32876712 0.11487179 0.13698630
1 0.84307692 0.87123288 0.12581197 0.13150685
1 0.27965812 0.71232877 0.10940171 0.13698630
1 0.44376068 0.38904110 0.07111111 0.07671233
1 0.46564103 0.78356164 0.12581197 0.12602740
