1 0.40991453 0.06027397 0.28991453 0.09315068
1 0.95247863 0.78904110 0.09504274 0.10958904
1 0.25128205 0.39452055 0.19692308 0.10410959
1 0.07076923 0.03424658 0.08205128 0.06849315
1 0.84205128 0.09315068 0.08752137 0.12054795
1 0.72170940 0.43287671 0.16410256 0.14246575
1 0.80376068 0.78356164 0.10940171 0.12054795
1 0.05179487 0.36712329 0.10358974 0.10958904
1 0.16923077 0.71780822 0.10393162 0.11506849
1 0.03811966 0.70684932 0.07623932 0.11506849
1 0.63965812 0.08767123 0.15863248 0.10410959
1 0.94427350 0.46575342 0.11145299 0.11506849
1 0.55213675 0.42739726 0.09299145 0.10958904
1 0.42085470 0.41643836 0.08752137 0.09315068
1 0.35521368 0.74520548 0.06564103 0.11506849
