1 0.06461538 0.03561644 0.12923077 0.07123288
1 0.41094017 0.79178082 0.07111111 0.08767123
1 0.87042735 0.03150685 0.12034188 0.06301370
1 0.27418803 0.03150685 0.18051282 0.06301370
1 0.23589744 0.79178082 0.08752137 0.09863014
1 0.48205128 0.03150685 0.09846154 0.06301370
1 0.95794872 0.78082192 0.08205128 0.15342466
1 0.08273504 0.39726027 0.12034188 0.14794521
1 0.91880342 0.40273973 0.16239316 0.13698630
1 0.50940171 0.39726027 0.13128205 0.14246575
1 0.67897436 0.03287671 0.19692308 0.06575342
1 0.73367521 0.78630137 0.23521368 0.17534247
