1 0.62666667 0.90684932 0.49230769 0.14246575
1 0.70324786 0.49589041 0.07111111 0.09315068
1 0.53914530 0.06301370 0.20786325 0.12602740
1 0.99521368 0.09589041 0.00957265 0.11506849
1 0.31487179 0.85753425 0.12581197 0.12054795
1 0.10957265 0.86301370 0.21914530 0.20273973
1 0.95282051 0.92328767 0.09435897 0.12602740
1 0.03709402 0.42465753 0.07418803 0.14246575
1 0.39692308 0.46849315 0.22427350 0.12054795
1 0.88581197 0.50136986 0.22837607 0.13698630
1 0.12871795 0.05479452 0.25743590 0.10958904
1 0.75247863 0.07397260 0.14769231 0.13150685
1 0.60478632 0.47945205 0.07111111 0.09315068
1 0.23282051 0.45753425 0.07111111 0.10958904
