1 0.50529915 0.20000000 0.10940171 0.09863014
1 0.16615385 0.17260274 0.07111111 0.08219178
1 0.05675214 0.18356164 0.06564103 0.09863014
1 0.69675214 0.22739726 0.06564103 0.08219178
1 0.51076923 0.54520548 0.09299145 0.09863014
1 0.92649573 0.26027397 0.07111111 0.10958904
1 0.26461538 0.52328767 0.12034188 0.10410959
1 0.40683761 0.52876712 0.07111111 0.10958904
1 0.42324786 0.19452055 0.27897436 0.12054795
1 0.72410256 0.56164384 0.23521368 0.10958904
1 0.07350427 0.50684932 0.14700855 0.12054795
1 0.93863248 0.59452055 0.12273504 0.12602740
