1 0.86085470 0.84109589 0.08205128 0.10958904
1 0.28649573 0.83013699 0.07111111 0.10410959
1 0.12239316 0.47397260 0.09299145 0.08767123
1 0.56547009 0.83561644 0.09299145 0.10958904
1 0.97418803 0.84657534 0.05162393 0.11506849
1 0.08957265 0.83013699 0.10940171 0.13698630
1 0.25367521 0.13424658 0.11487179 0.13698630
1 0.04581197 0.13424658 0.07658120 0.12602740
1 0.59829060 0.13972603 0.09299145 0.15342466
1 0.75692308 0.14520548 0.10940171 0.15890411
1 0.64205128 0.48493151 0.15316239 0.16438356
1 0.46153846 0.14520548 0.14769231 0.10958904
