1 0.57743590 0.26575342 0.15863248 0.10958904
1 0.53914530 0.92876712 0.14769231 0.09863014
1 0.10820513 0.89589041 0.21641026 0.10958904
1 0.48444444 0.60547945 0.08752137 0.13150685
1 0.25470085 0.58904110 0.08205128 0.12054795
1 0.09059829 0.56712329 0.08752137 0.10958904
1 0.63760684 0.60547945 0.16410256 0.11506849
1 0.83452991 0.62191781 0.16957265 0.13698630
1 0.84478632 0.95753425 0.31042735 0.08493151
1 0.89128205 0.30410959 0.21743590 0.08767123
1 0.11794872 0.25479452 0.09846154 0.09315068
1 0.30393162 0.27123288 0.21880342 0.10410959
1 0.35316239 0.91232877 0.20239316 0.10410959
