1 0.69880342 0.87123288 0.08752137 0.08219178
1 0.25572650 0.49315068 0.18051282 0.14246575
1 0.66051282 0.13150685 0.08205128 0.10410959
1 0.02803419 0.12602740 0.05606838 0.12054795
1 0.12786325 0.84383562 0.25572650 0.12602740
1 0.55658120 0.84383562 0.09846154 0.12054795
1 0.61675214 0.49863014 0.12581197 0.13698630
1 0.07042735 0.48767123 0.14085470 0.14246575
1 0.28307692 0.12602740 0.18598291 0.09863014
1 0.45811966 0.14246575 0.09846154 0.09315068
1 0.09709402 0.10958904 0.06017094 0.08767123
1 0.85196581 0.15342466 0.10940171 0.12054795
1 0.93008547 0.87671233 0.13982906 0.07123288
1 0.39794872 0.86575342 0.16410256 0.08767123
