1 0.18153846 0.48493151 0.04376068 0.04931507
1 0.32376068 0.83013699 0.07111111 0.06575342
1 0.43863248 0.51232877 0.04923077 0.05479452
1 0.42222222 0.83561644 0.04923077 0.06027397
1 0.33470085 0.50136986 0.05470085 0.06027397
1 0.52068376 0.51232877 0.05470085 0.05479452
1 0.42222222 0.18904110 0.04376068 0.06027397
1 0.86529915 0.22191781 0.04376068 0.06027397
1 0.80512821 0.86301370 0.07111111 0.05479452
1 0.06666667 0.49589041 0.05470085 0.06575342
1 0.95829060 0.20547945 0.06564103 0.08767123
1 0.88717949 0.55616438 0.08205128 0.06575342
1 0.89264957 0.86849315 0.06564103 0.05479452
1 0.50427350 0.19452055 0.06564103 0.06575342
1 0.15965812 0.16164384 0.07658120 0.07671233
1 0.04153846 0.16164384 0.08307692 0.08767123
1 0.55897436 0.85205479 0.13128205 0.09863014
1 0.07025641 0.80273973 0.14051282 0.09315068
