1 0.33470085 0.64109589 0.12034188 0.14246575
1 0.79418803 0.30136986 0.16957265 0.15342466
1 0.50427350 0.28493151 0.26803419 0.15342466
1 0.17606838 0.27397260 0.12581197 0.13150685
1 0.60273504 0.65753425 0.15316239 0.14794521
1 0.03606838 0.25205479 0.07213675 0.13150685
1 0.72854701 0.97123288 0.21880342 0.05753425
1 0.40034188 0.95753425 0.21333333 0.08493151
1 0.09401709 0.64657534 0.07658120 0.13150685
1 0.19794872 0.61917808 0.06564103 0.06027397
1 0.46051282 0.64657534 0.08752137 0.14794521
1 0.31282051 0.27945205 0.08752137 0.13150685
1 0.90529915 0.67397260 0.18940171 0.11506849
1 0.96376068 0.30136986 0.07111111 0.14794521
