1 0.50188034 0.03013699 0.49230769 0.06027397
1 0.05128205 0.03424658 0.10256410 0.06849315
1 0.37059829 0.68767123 0.09846154 0.14794521
1 0.86581197 0.31506849 0.26837607 0.12054795
1 0.78632479 0.67671233 0.22427350 0.11506849
1 0.33230769 0.34246575 0.21880342 0.13150685
1 0.59487179 0.31506849 0.22427350 0.12602740
1 0.08615385 0.35890411 0.12034188 0.10958904
1 0.16820513 0.70410959 0.24615385 0.13150685
1 0.95470085 0.68219178 0.09059829 0.12054795
1 0.48547009 0.69315068 0.06564103 0.09315068
1 0.58393162 0.67671233 0.05470085 0.08767123
