0 0.18461549 0.28310795 0.36923099 0.55707704
0 0.14786352 0.72374356 0.29572704 0.31506937
0 0.44444335 0.09246860 0.09914421 0.16210060
0 0.42991480 0.34360811 0.05982961 0.13927101
0 0.66324677 0.21803485 0.09914421 0.06620932
0 0.58803441 0.14041425 0.06153802 0.05251156
0 0.41538626 0.58675901 0.05812119 0.15981414
0 0.51367625 0.30251485 0.05982961 0.10273666
0 0.70940204 0.09703452 0.07179553 0.06620932
0 0.51709309 0.49429041 0.09743579 0.10730258
0 0.40427454 0.93379025 0.26495869 0.13241951
0 0.66410098 0.56278619 0.14529947 0.15753468
0 0.64786401 0.92123529 0.13333355 0.12557326
0 0.40427454 0.81392789 0.25128435 0.37214422
0 0.64615560 0.90639430 0.12991672 0.15068230
0 0.66153835 0.54680197 0.14700789 0.15753468
0 0.69743612 0.70091397 0.07521236 0.08219353
0 0.61367467 0.77511189 0.06495486 0.06620932
0 0.64957243 0.91666937 0.11965921 0.13013918
