1 0.35658120 0.69589041 0.08752137 0.10410959
1 0.71760684 0.03835616 0.07111111 0.07123288
1 0.96820513 0.06575342 0.06358974 0.09315068
1 0.40581197 0.34520548 0.10393162 0.11506849
1 0.59179487 0.36712329 0.10393162 0.10410959
1 0.20341880 0.03561644 0.08752137 0.07123288
1 0.14871795 0.33424658 0.14222222 0.14246575
1 0.77230769 0.38356164 0.09846154 0.12602740
1 0.23076923 0.66849315 0.10393162 0.06575342
1 0.08307692 0.98493151 0.04923077 0.03013699
1 0.19794872 0.98356164 0.05470085 0.03287671
