1 0.75247863 0.03972603 0.25162393 0.07945205
1 0.53914530 0.73150685 0.11487179 0.08767123
1 0.17811966 0.77534247 0.04923077 0.08219178
1 0.29846154 0.75342466 0.09846154 0.08767123
1 0.02205128 0.44109589 0.04410256 0.09863014
1 0.19452991 0.40821918 0.16957265 0.10410959
1 0.87829060 0.36438356 0.10940171 0.13150685
1 0.81811966 0.71506849 0.33367521 0.11506849
1 0.71965812 0.39178082 0.15316239 0.13698630
1 0.43521368 0.39726027 0.14769231 0.11506849
1 0.10700855 0.77534247 0.06017094 0.07123288
1 0.01794872 0.07397260 0.03589744 0.07123288
1 0.12888889 0.07945205 0.06564103 0.07123288
1 0.24376068 0.05753425 0.09299145 0.07123288
1 0.36410256 0.06301370 0.09846154 0.08767123
1 0.48444444 0.05205479 0.09846154 0.07123288
1 0.59384615 0.04657534 0.06017094 0.08219178
1 0.42427350 0.75890411 0.06564103 0.09863014
