1 0.322222 0.579909 0.087179 0.082192
1 0.841026 0.930365 0.054701 0.066210
0 0.399145 0.119863 0.059829 0.075342
1 0.374359 0.239726 0.088889 0.100457
0 0.512821 0.349315 0.082051 0.086758
0 0.119658 0.091324 0.071795 0.082192
0 0.705128 0.699772 0.066667 0.075342
1 0.628205 0.579909 0.076923 0.100457
1 0.211966 0.245434 0.153846 0.102740
1 0.945299 0.925799 0.064957 0.066210
1 0.311111 0.918950 0.099145 0.066210
1 0.847009 0.618721 0.131624 0.136986
1 0.180342 0.579909 0.114530 0.105023
1 0.660684 0.239726 0.121368 0.136986
1 0.693162 0.924658 0.114530 0.109589
1 0.512821 0.918950 0.119658 0.121005
1 0.885470 0.245434 0.116239 0.116438
1 0.464103 0.584475 0.059829 0.077626
