1 0.016239 0.229452 0.029060 0.098174
1 0.577778 0.601598 0.061538 0.066210
1 0.758120 0.957763 0.066667 0.066210
1 0.971795 0.961187 0.056410 0.077626
1 0.310256 0.239726 0.097436 0.082192
1 0.363248 0.613014 0.083761 0.121005
1 0.939316 0.251142 0.121368 0.105023
1 0.096581 0.946347 0.076923 0.098174
1 0.402564 0.948630 0.076923 0.102740
1 0.058120 0.590183 0.092308 0.130137
1 0.741026 0.607306 0.169231 0.105023
1 0.648718 0.244292 0.162393 0.109589
1 0.948718 0.599315 0.061538 0.066210
1 0.266667 0.606164 0.058120 0.125571
1 0.102564 0.243151 0.051282 0.075342
1 0.177778 0.243151 0.051282 0.075342
1 0.466667 0.259132 0.051282 0.075342
