1 0.05555484 0.99315244 0.11110969 0.01369512
1 0.39572918 0.75456877 0.04957210 0.05251156
1 0.47264996 0.77283244 0.05982961 0.07077523
1 0.75128298 0.84475090 0.09401895 0.10958904
1 0.98376189 0.93036712 0.03247623 0.12100734
1 0.67863324 0.44406532 0.08546987 0.13927101
1 0.92136851 0.51598378 0.06153802 0.12785271
1 0.95726567 0.15296877 0.08546866 0.12328679
1 0.79059758 0.09589129 0.06324644 0.11415496
1 0.87606745 0.11073227 0.05298894 0.12100734
1 0.07179509 0.27054641 0.07521236 0.08903890
1 0.60598351 0.82077808 0.07350395 0.10730258
