1 0.40683761 0.97260274 0.07111111 0.05479452
1 0.52717949 0.57534247 0.06564103 0.09315068
1 0.11145299 0.96986301 0.07111111 0.06027397
1 0.98786325 0.92054795 0.02427350 0.08219178
1 0.22085470 0.96301370 0.08205128 0.07397260
1 0.44512821 0.19178082 0.07111111 0.07671233
1 0.60923077 0.55890411 0.07658120 0.08767123
1 0.82803419 0.92602740 0.08205128 0.10958904
1 0.76239316 0.54246575 0.07111111 0.10958904
1 0.77333333 0.16438356 0.07658120 0.12054795
1 0.95384615 0.15890411 0.08205128 0.12054795
1 0.88273504 0.53698630 0.09299145 0.10410959
1 0.32478632 0.56986301 0.25162393 0.10958904
1 0.64752137 0.94383562 0.15316239 0.11232877
1 0.04615385 0.56986301 0.09230769 0.14794521
