1 0.72205128 0.77534247 0.08752137 0.09863014
1 0.19692308 0.00958904 0.09299145 0.01917808
1 0.90803419 0.05616438 0.15863248 0.11232877
1 0.15316239 0.68767123 0.07658120 0.09315068
1 0.15863248 0.30958904 0.13128205 0.15342466
1 0.51418803 0.35342466 0.19692308 0.13150685
1 0.43760684 0.02602740 0.28444444 0.05205479
1 0.68376068 0.02054795 0.08752137 0.04109589
1 0.70017094 0.38082192 0.06564103 0.10958904
1 0.87521368 0.41369863 0.06564103 0.08767123
1 0.41572650 0.72054795 0.21333333 0.13150685
