1 0.94085470 0.16712329 0.06017094 0.06575342
1 0.43760684 0.45753425 0.18598291 0.08219178
1 0.60717949 0.46849315 0.15863248 0.08767123
1 0.61264957 0.13424658 0.07658120 0.08219178
1 0.84239316 0.14520548 0.06564103 0.08219178
1 0.03282051 0.73150685 0.05470085 0.08219178
1 0.72205128 0.15068493 0.06564103 0.08219178
1 0.50324786 0.12876712 0.07658120 0.09863014
1 0.20239316 0.42465753 0.20239316 0.09863014
1 0.30632479 0.11780822 0.08205128 0.09315068
1 0.62905983 0.79726027 0.25709402 0.10410959
1 0.12034188 0.09041096 0.11487179 0.07671233
1 0.42666667 0.78082192 0.15316239 0.11506849
1 0.21333333 0.75342466 0.12581197 0.10958904
1 0.91572650 0.83013699 0.16854701 0.09863014
1 0.83692308 0.49589041 0.15316239 0.09863014
