1 0.30188034 0.02328767 0.16957265 0.04657534
1 0.70666667 0.73698630 0.06564103 0.06575342
1 0.11042735 0.03150685 0.14222222 0.06301370
1 0.02376068 0.03013699 0.04752137 0.06027397
1 0.52615385 0.75890411 0.04376068 0.06027397
1 0.46051282 0.02328767 0.15316239 0.04657534
1 0.38393162 0.74794521 0.08752137 0.10410959
1 0.03470085 0.76438356 0.06940171 0.08219178
1 0.25264957 0.75342466 0.11487179 0.10410959
1 0.86529915 0.02054795 0.10940171 0.04109589
1 0.90358974 0.72602740 0.18051282 0.10958904
1 0.12683761 0.77534247 0.06017094 0.06027397
