1 0.38393162 0.03835616 0.08752137 0.06575342
1 0.08307692 0.03287671 0.06564103 0.06575342
1 0.66290598 0.78904110 0.07658120 0.09863014
1 0.07213675 0.39452055 0.06017094 0.07671233
1 0.26358974 0.40547945 0.07111111 0.09863014
1 0.47692308 0.39452055 0.09846154 0.09863014
1 0.96957265 0.04931507 0.06085470 0.08767123
1 0.96683761 0.80000000 0.06632479 0.10958904
1 0.88170940 0.41095890 0.07111111 0.09863014
1 0.09401709 0.76164384 0.10940171 0.11506849
1 0.97914530 0.41643836 0.04170940 0.09863014
1 0.78324786 0.79452055 0.10393162 0.12054795
