1 0.58940171 0.84383562 0.07111111 0.10410959
1 0.74803419 0.46575342 0.06017094 0.08219178
1 0.61128205 0.10958904 0.07658120 0.11506849
1 0.69333333 0.84931507 0.09846154 0.12602740
1 0.73162393 0.08767123 0.09299145 0.13150685
1 0.37606838 0.87671233 0.09846154 0.10410959
1 0.22290598 0.13150685 0.08752137 0.10958904
1 0.92307692 0.83287671 0.09846154 0.12054795
1 0.59487179 0.47671233 0.13675214 0.15342466
1 0.45264957 0.10958904 0.11487179 0.14794521
1 0.08820513 0.89863014 0.17641026 0.10958904
1 0.01846154 0.53150685 0.03692308 0.13698630
