0 0.06751902 0.43607584 0.13503803 0.20548033
0 0.21196231 0.34360723 0.12649288 0.16210060
0 0.26837508 0.24200679 0.07179553 0.06392986
0 0.08974419 0.13356318 0.17948838 0.26712636
0 0.21196231 0.02397414 0.09914421 0.04794827
0 0.56496049 0.38242104 0.17606498 0.17123244
0 0.61196297 0.03881337 0.12307605 0.07762674
0 0.79145179 0.29908427 0.11281854 0.21004625
0 0.46580929 0.76484296 0.60342132 0.43379025
0 0.08034090 0.88470005 0.16068179 0.22146455
0 0.03076704 0.73858367 0.06153409 0.08903890
0 0.10854706 0.68607211 0.09059512 0.09360482
0 0.74529652 0.47145995 0.15726539 0.11644142
0 0.80598034 0.59361052 0.07008711 0.11872088
0 0.83931547 0.78652932 0.13333355 0.11187551
0 0.90256191 0.68949479 0.09231054 0.10958904
0 0.94273537 0.39840526 0.11452926 0.20319386
0 0.76495732 0.04908800 0.08034462 0.09360482
0 0.91452784 0.12443134 0.11624238 0.24886268
0 0.83931547 0.93150948 0.11965921 0.08675945
