1 0.81572650 0.39726027 0.16957265 0.12054795
1 0.05367521 0.45753425 0.10735043 0.10410959
1 0.92512821 0.40821918 0.09846154 0.08219178
1 0.02222222 0.46301370 0.04444444 0.10410959
1 0.50940171 0.05753425 0.25709402 0.11506849
1 0.09914530 0.45753425 0.08752137 0.11506849
1 0.83213675 0.04657534 0.31179487 0.09315068
1 0.32341880 0.83013699 0.09846154 0.13698630
1 0.52034188 0.42465753 0.14222222 0.12054795
1 0.24136752 0.43561644 0.09846154 0.12054795
1 0.04410256 0.85753425 0.08820513 0.11506849
1 0.13196581 0.07397260 0.19145299 0.14794521
