0 0.38376139 0.24201030 0.06324644 0.05022510
0 0.44871625 0.20776241 0.04615527 0.05022510
0 0.52478282 0.45662247 0.09914421 0.08219353
0 0.81367335 0.55821589 0.05128052 0.08903890
0 0.17093744 0.85730805 0.16410606 0.17579836
0 0.22735021 0.28881271 0.12991672 0.11644142
0 0.89487218 0.79109874 0.04615527 0.06164340
0 0.14273455 0.09018477 0.10427646 0.16666652
0 0.08803720 0.41324274 0.10427646 0.18265074
0 0.67692297 0.55022729 0.08205303 0.17351890
0 0.37777493 0.09588690 0.05812119 0.05479101
0 0.47435651 0.12328942 0.05982961 0.05022510
0 0.62820507 0.23744438 0.13162514 0.13241863
