1 0.29504274 0.96027397 0.22974359 0.07945205
1 0.46461538 0.23561644 0.08752137 0.07671233
1 0.08717949 0.97123288 0.16410256 0.05753425
1 0.33333333 0.59726027 0.08205128 0.10410959
1 0.43726496 0.59726027 0.06564103 0.07671233
1 0.52478632 0.94794521 0.13675214 0.08219178
1 0.12000000 0.60821918 0.07658120 0.09315068
1 0.91863248 0.58630137 0.07658120 0.09315068
1 0.89128205 0.21917808 0.08205128 0.11506849
1 0.73264957 0.21917808 0.11487179 0.10410959
1 0.90461538 0.92602740 0.19076923 0.10410959
1 0.28957265 0.24657534 0.14222222 0.10958904
1 0.67247863 0.95890411 0.10940171 0.06575342
