1 0.38051282 0.26575342 0.07658120 0.10410959
1 0.64307692 0.70410959 0.07111111 0.08767123
1 0.32034188 0.60547945 0.09846154 0.12054795
1 0.47897436 0.29315068 0.08205128 0.10958904
1 0.98837607 0.45205479 0.02324786 0.14246575
1 0.81811966 0.03287671 0.07658120 0.06575342
1 0.02478632 0.54520548 0.04957265 0.09863014
1 0.96239316 0.06301370 0.07521368 0.09863014
1 0.13435897 0.93424658 0.12034188 0.13150685
1 0.16717949 0.22191781 0.16957265 0.13150685
1 0.79076923 0.39178082 0.05470085 0.08767123
1 0.92752137 0.40821918 0.04923077 0.06575342
