1 0.129060 0.950913 0.052991 0.066210
1 0.528205 0.239726 0.092308 0.073059
1 0.041880 0.250000 0.025641 0.057078
1 0.894872 0.607306 0.059829 0.063927
1 0.946154 0.239726 0.107692 0.091324
1 0.780342 0.952055 0.076923 0.082192
1 0.468376 0.623288 0.061538 0.082192
1 0.708547 0.234018 0.070085 0.093607
1 0.917094 0.947489 0.066667 0.082192
1 0.287179 0.946347 0.109402 0.098174
1 0.582906 0.607306 0.092308 0.109589
1 0.381197 0.235160 0.109402 0.114155
1 0.840171 0.251142 0.052991 0.077626
1 0.358974 0.613014 0.037607 0.043379
1 0.201709 0.250000 0.037607 0.043379
