1 0.24717949 0.56986301 0.06017094 0.06027397
1 0.36205128 0.55342466 0.08752137 0.06575342
1 0.72854701 0.89315068 0.06564103 0.08767123
1 0.81606838 0.89315068 0.06564103 0.07671233
1 0.87623932 0.53150685 0.06017094 0.07123288
1 0.63008547 0.54794521 0.07111111 0.07671233
1 0.92547009 0.13698630 0.07111111 0.06575342
1 0.18153846 0.93150685 0.05470085 0.07671233
1 0.34564103 0.90958904 0.09846154 0.10410959
1 0.11042735 0.95342466 0.04923077 0.07123288
0 0.04478632 0.50958904 0.04376068 0.05479452
1 0.46598291 0.15890411 0.14769231 0.08767123
1 0.60273504 0.18082192 0.07658120 0.08219178
