0 0.02564261 0.16780625 0.05128522 0.07990707
0 0.14444297 0.91324318 0.04957210 0.03196142
0 0.52307441 0.26940668 0.06495486 0.05479101
0 0.38461560 0.15753118 0.02734868 0.03196142
0 0.42991666 0.46461195 0.15555698 0.28995332
0 0.59145310 0.49771660 0.08546987 0.11415496
0 0.58718206 0.69292186 0.19657999 0.16210060
0 0.58546664 0.89155375 0.17606498 0.21689249
0 0.88290626 0.50000307 0.07692078 0.07762762
0 0.84700849 0.77169271 0.03931460 0.04565918
0 0.71196652 0.35160022 0.05298894 0.04565918
0 0.28974244 0.95890279 0.12478446 0.08219441
0 0.43418771 0.90981567 0.10940171 0.18036866
0 0.16922902 0.46803463 0.12991672 0.11872088
0 0.47948877 0.12442652 0.05982961 0.09360482
0 0.80341585 0.09360833 0.06495486 0.07306170
