1 0.33470085 0.45205479 0.03829060 0.05479452
1 0.25811966 0.45753425 0.04923077 0.06575342
1 0.87623932 0.79178082 0.03829060 0.05479452
1 0.92547009 0.42465753 0.05470085 0.06575342
1 0.49880342 0.03561644 0.06564103 0.07123288
1 0.69572650 0.81917808 0.06017094 0.09315068
1 0.57538462 0.81369863 0.06017094 0.07671233
1 0.33470085 0.80821918 0.04923077 0.08219178
1 0.09401709 0.04109589 0.05470085 0.08219178
1 0.32923077 0.03698630 0.06564103 0.07397260
1 0.05572650 0.82465753 0.07658120 0.09315068
1 0.85982906 0.03972603 0.09846154 0.07945205
