1 0.85247863 0.79452055 0.29504274 0.10410959
1 0.17162393 0.46575342 0.15316239 0.13150685
1 0.20991453 0.10410959 0.07658120 0.10958904
1 0.81162393 0.06575342 0.22974359 0.10958904
1 0.97555556 0.06027397 0.04888889 0.10410959
1 0.33572650 0.80547945 0.26256410 0.10410959
1 0.33025641 0.44383562 0.07111111 0.12602740
1 0.58735043 0.07671233 0.15863248 0.10410959
1 0.44512821 0.44931507 0.08752137 0.13150685
1 0.06222222 0.82191781 0.10940171 0.12054795
1 0.04068376 0.46027397 0.08136752 0.10410959
1 0.38495726 0.08219178 0.10940171 0.13150685
1 0.57094017 0.42739726 0.09299145 0.12054795
1 0.60376068 0.81643836 0.07658120 0.12602740
