1 0.50427350 0.13150685 0.06017094 0.12054795
1 0.63555556 0.16986301 0.08752137 0.09863014
1 0.24170940 0.81643836 0.40478632 0.14794521
1 0.68478632 0.85479452 0.25162393 0.08767123
1 0.97230769 0.90410959 0.05538462 0.09315068
1 0.32923077 0.48767123 0.15316239 0.10958904
1 0.56444444 0.51506849 0.09299145 0.09863014
1 0.97367521 0.19726027 0.05264957 0.12602740
1 0.21982906 0.13698630 0.16957265 0.15342466
1 0.80512821 0.19726027 0.14769231 0.13698630
1 0.87247863 0.53698630 0.25504274 0.10958904
1 0.09760684 0.47123288 0.19521368 0.12054795
