1 0.50940171 0.09041096 0.08205128 0.08767123
1 0.29606838 0.44657534 0.06564103 0.10958904
1 0.43282051 0.42465753 0.14769231 0.11506849
1 0.26871795 0.79726027 0.16410256 0.10410959
1 0.68991453 0.07397260 0.09299145 0.08219178
1 0.69538462 0.74794521 0.37743590 0.14246575
1 0.64615385 0.40821918 0.13675214 0.12054795
1 0.24683761 0.10684932 0.07111111 0.10410959
1 0.07726496 0.12876712 0.08205128 0.08767123
1 0.06632479 0.46849315 0.07111111 0.08219178
1 0.87589744 0.41369863 0.07111111 0.11506849
1 0.95709402 0.04794521 0.08581197 0.09589041
