1 0.30051282 0.49315068 0.07111111 0.09863014
1 0.00256410 0.04931507 0.00512821 0.09315068
1 0.98666667 0.31232877 0.02666667 0.10958904
1 0.56854701 0.55342466 0.10393162 0.11506849
1 0.08717949 0.07671233 0.09846154 0.13150685
1 0.24034188 0.10958904 0.13128205 0.14794521
1 0.96615385 0.65205479 0.06769231 0.12602740
1 0.39897436 0.15342466 0.10393162 0.11506849
1 0.03538462 0.77808219 0.07076923 0.14246575
1 0.89675214 0.26849315 0.10940171 0.12602740
1 0.22393162 0.82739726 0.12581197 0.16438356
1 0.76547009 0.94520548 0.20239316 0.10958904
1 0.45914530 0.89863014 0.16957265 0.15342466
