1 0.46153846 0.98630137 0.08752137 0.02739726
1 0.65846154 0.26027397 0.10393162 0.09315068
1 0.81709402 0.27671233 0.08752137 0.09315068
1 0.19350427 0.60000000 0.05470085 0.06575342
1 0.07863248 0.96849315 0.06564103 0.06301370
1 0.20991453 0.96164384 0.07111111 0.07671233
1 0.74598291 0.99726027 0.06564103 0.00547945
1 0.04615385 0.19452055 0.09230769 0.11506849
1 0.97965812 0.32054795 0.04068376 0.10958904
1 0.25367521 0.22739726 0.17504274 0.14794521
1 0.33025641 0.60000000 0.07658120 0.08767123
