1 0.01982906 0.26849315 0.03965812 0.08767123
1 0.98205128 0.04383562 0.03589744 0.08767123
1 0.46905983 0.32876712 0.09846154 0.13150685
1 0.69880342 0.30136986 0.09299145 0.13150685
1 0.34871795 0.00273973 0.14769231 0.00547945
1 0.00478632 0.69041096 0.00957265 0.13698630
1 0.56205128 0.01095890 0.12034188 0.02191781
1 0.05264957 0.00547945 0.10529915 0.01095890
1 0.89863248 0.33972603 0.20273504 0.13150685
1 0.78632479 0.02054795 0.25162393 0.04109589
1 0.14632479 0.27945205 0.08752137 0.10958904
1 0.89572650 0.71780822 0.12034188 0.13698630
1 0.40888889 0.71780822 0.12034188 0.14246575
1 0.32136752 0.30136986 0.11487179 0.15890411
1 0.19008547 0.69589041 0.13128205 0.14794521
1 0.73162393 0.75068493 0.10393162 0.16986301
1 0.59487179 0.72876712 0.08205128 0.14794521
