1 0.64512821 0.20821918 0.06564103 0.11506849
1 0.14188034 0.20273973 0.07658120 0.10958904
1 0.74358974 0.89863014 0.47589744 0.12602740
1 0.66700855 0.54794521 0.11487179 0.15342466
1 0.38256410 0.90958904 0.20239316 0.10958904
1 0.27863248 0.20821918 0.17504274 0.12602740
1 0.84854701 0.19178082 0.30290598 0.18082192
1 0.04222222 0.20821918 0.08444444 0.12602740
1 0.15829060 0.56438356 0.09299145 0.12054795
1 0.82564103 0.55342466 0.19145299 0.15342466
1 0.02444444 0.92054795 0.04888889 0.12054795
1 0.18017094 0.91506849 0.16410256 0.12054795
1 0.49196581 0.20821918 0.17504274 0.14246575
1 0.31145299 0.54794521 0.14222222 0.16986301
