1 0.30940171 0.96986301 0.08205128 0.06027397
1 0.32581197 0.58356164 0.07658120 0.08767123
1 0.60478632 0.66575342 0.07658120 0.10958904
1 0.79623932 0.02191781 0.09846154 0.04383562
1 0.46803419 0.26027397 0.08205128 0.11506849
1 0.59384615 0.29315068 0.07658120 0.10958904
1 0.94393162 0.74794521 0.10393162 0.10958904
1 0.12888889 0.53972603 0.19692308 0.12054795
1 0.29299145 0.21643836 0.14222222 0.12602740
1 0.75794872 0.68767123 0.09846154 0.12054795
1 0.11794872 0.17808219 0.14769231 0.14246575
1 0.96786325 0.06164384 0.06427350 0.12328767
1 0.96923077 0.39178082 0.06153846 0.13698630
