1 0.29641026 0.72876712 0.09299145 0.09863014
1 0.69572650 0.36164384 0.06564103 0.09863014
1 0.81606838 0.35616438 0.13128205 0.09315068
1 0.18153846 0.71232877 0.08752137 0.09863014
1 0.03743590 0.72876712 0.07487179 0.10958904
1 0.61367521 0.70684932 0.07111111 0.08767123
1 0.42769231 0.70136986 0.13128205 0.11506849
1 0.45504274 0.36712329 0.34461538 0.10958904
1 0.54803419 0.03698630 0.22974359 0.07397260
1 0.90905983 0.68493151 0.06564103 0.06575342
1 0.79965812 0.02739726 0.16410256 0.05479452
1 0.12136752 0.38904110 0.14769231 0.10410959
1 0.13863248 0.05205479 0.27726496 0.10410959
1 0.71213675 0.69589041 0.09846154 0.07123288
1 0.79965812 0.70136986 0.06017094 0.08767123
