1 0.68991453 0.26849315 0.26803419 0.13150685
1 0.91333333 0.29041096 0.17333333 0.14246575
1 0.22495726 0.55890411 0.22974359 0.12602740
1 0.94068376 0.95616438 0.11863248 0.08767123
1 0.52581197 0.60273973 0.28444444 0.12054795
1 0.84307692 0.61917808 0.28991453 0.12602740
1 0.05367521 0.55342466 0.10735043 0.11506849
1 0.42188034 0.92602740 0.30632479 0.12054795
1 0.16478632 0.89863014 0.19145299 0.12054795
1 0.73367521 0.94246575 0.24615385 0.11506849
1 0.20854701 0.23561644 0.34461538 0.12602740
1 0.48205128 0.24657534 0.12581197 0.11506849
