0 0.32649255 0.38013721 0.10256104 0.10273666
0 0.36923099 0.27625732 0.03760618 0.05022510
0 0.45213823 0.26826170 0.03589776 0.03424789
0 0.38205112 0.48743978 0.07008711 0.07077523
0 0.42820639 0.60616767 0.04957210 0.05707748
0 0.45128402 0.73173392 0.04786369 0.04794564
0 0.44017231 0.78766816 0.04273843 0.05022510
0 0.38546795 0.74999759 0.04615527 0.05707748
0 0.37778008 0.83904351 0.04444685 0.06620932
0 0.33247902 0.67237699 0.05982961 0.09360482
0 0.22820256 0.10159518 0.05982961 0.07990707
0 0.26410032 0.04451770 0.06324644 0.06164340
0 0.27521203 0.15753644 0.05469735 0.06849578
0 0.34017389 0.04908800 0.06837869 0.09817600
0 0.15042757 0.34474608 0.17435657 0.44748800
0 0.10000126 0.04566356 0.12820830 0.09132712
0 0.02820431 0.34588932 0.05640862 0.12100734
0 0.26324611 0.58219485 0.09572737 0.07306170
0 0.23162639 0.69292011 0.05982961 0.15753468
0 0.28205270 0.74315222 0.04102302 0.06620932
0 0.12137048 0.65981545 0.14700789 0.13241863
0 0.13846023 0.86757830 0.27692045 0.26484340
0 0.31965889 0.96917874 0.05128052 0.06164252
0 0.29658125 0.84017973 0.02564026 0.07762762
0 0.03846323 0.25912986 0.05982961 0.04794564
0 0.40342034 0.36301677 0.03077251 0.04109326
0 0.14187848 0.87899660 0.19145474 0.24200679
