1 0.03282051 0.44657534 0.06017094 0.10958904
1 0.09846154 0.04520548 0.10393162 0.09041096
1 0.94854701 0.78082192 0.10290598 0.12602740
1 0.11487179 0.78630137 0.22427350 0.10958904
1 0.18051282 0.41369863 0.07658120 0.10958904
1 0.30085470 0.41917808 0.10940171 0.12054795
1 0.41025641 0.79178082 0.13128205 0.13150685
1 0.74940171 0.05616438 0.24068376 0.11232877
1 0.45948718 0.40821918 0.08205128 0.09863014
1 0.65641026 0.41369863 0.27350427 0.12054795
1 0.69470085 0.78630137 0.33914530 0.13698630
1 0.96085470 0.40821918 0.07829060 0.15342466
1 0.22427350 0.05342466 0.09299145 0.10684932
1 0.35008547 0.05068493 0.12034188 0.10136986
