1 0.77880342 0.05342466 0.23521368 0.10684932
1 0.65846154 0.71780822 0.08752137 0.09863014
1 0.60923077 0.04520548 0.08752137 0.09041096
1 0.09401709 0.32328767 0.18803419 0.10410959
1 0.14427350 0.02054795 0.04923077 0.04109589
1 0.25914530 0.04109589 0.09299145 0.08219178
1 0.45606838 0.69589041 0.24068376 0.12054795
1 0.86615385 0.73972603 0.26769231 0.11506849
1 0.54358974 0.37260274 0.25162393 0.12602740
1 0.93743590 0.40000000 0.07111111 0.10958904
1 0.19897436 0.68493151 0.24615385 0.12054795
1 0.30837607 0.36164384 0.16957265 0.12054795
1 0.80615385 0.38904110 0.14769231 0.13150685
1 0.98102564 0.07123288 0.03794872 0.13698630
