1 0.34564103 0.75890411 0.08752137 0.10410959
1 0.75589744 0.79178082 0.17504274 0.13150685
1 0.21435897 0.04794521 0.10393162 0.09589041
1 0.87931624 0.46301370 0.24136752 0.10410959
1 0.94085470 0.14520548 0.11829060 0.13150685
1 0.42769231 0.07945205 0.10393162 0.10958904
1 0.68478632 0.11780822 0.18051282 0.09315068
1 0.47692308 0.43013699 0.13675214 0.12602740
1 0.93675214 0.81369863 0.12649573 0.08767123
1 0.48786325 0.78082192 0.10940171 0.11506849
1 0.60273504 0.78630137 0.06017094 0.10958904
1 0.14871795 0.74794521 0.09846154 0.08767123
1 0.10444444 0.38630137 0.20888889 0.13698630
1 0.05931624 0.05753425 0.11863248 0.10958904
