1 0.91897436 0.93424658 0.06017094 0.06575342
1 0.36649573 0.26575342 0.10393162 0.09315068
0 0.98000000 0.02739726 0.04000000 0.05479452
0 0.58529915 0.10136986 0.04923077 0.08767123
0 0.03282051 0.51232877 0.04923077 0.06575342
0 0.53606838 0.73698630 0.07658120 0.07123288
0 0.50871795 0.67671233 0.05470085 0.06575342
0 0.48136752 0.94520548 0.03829060 0.04931507
1 0.82598291 0.23287671 0.06564103 0.06575342
1 0.91897436 0.23835616 0.03829060 0.06027397
1 0.84239316 0.60547945 0.05470085 0.08219178
1 0.93538462 0.58904110 0.04923077 0.06027397
1 0.20786325 0.27671233 0.03829060 0.08767123
1 0.70564103 0.23287671 0.06564103 0.07123288
1 0.98820513 0.23835616 0.02358974 0.05479452
1 0.05470085 0.64383562 0.10940171 0.05479452
1 0.15316239 0.97671233 0.07111111 0.04657534
