1 0.51487179 0.49041096 0.07111111 0.09863014
1 0.67897436 0.53424658 0.09846154 0.09315068
1 0.92427350 0.13972603 0.15145299 0.12054795
1 0.25230769 0.78630137 0.08205128 0.10410959
1 0.78290598 0.09041096 0.10940171 0.12054795
1 0.05641026 0.35890411 0.11282051 0.10958904
1 0.37811966 0.02328767 0.18598291 0.04657534
1 0.43282051 0.84109589 0.18598291 0.11506849
1 0.02632479 0.72054795 0.05264957 0.10410959
1 0.10461538 0.73698630 0.07658120 0.07671233
1 0.60786325 0.05753425 0.21333333 0.10410959
1 0.89692308 0.95068493 0.20615385 0.09863014
1 0.26324786 0.44109589 0.07111111 0.08219178
