1 0.67794872 0.18630137 0.15316239 0.08767123
1 0.56307692 0.90410959 0.05470085 0.07123288
1 0.48102564 0.91506849 0.06017094 0.08767123
1 0.09811966 0.94794521 0.11487179 0.09315068
1 0.93470085 0.88767123 0.13059829 0.07671233
1 0.72717949 0.89863014 0.09299145 0.08767123
1 0.26769231 0.93698630 0.06564103 0.08219178
1 0.98393162 0.16438356 0.03213675 0.08767123
1 0.08717949 0.21369863 0.10393162 0.14246575
1 0.86940171 0.16986301 0.12034188 0.09863014
1 0.35521368 0.20273973 0.17504274 0.11506849
1 0.52478632 0.21369863 0.13675214 0.08219178
