1 0.97350427 0.50958904 0.05299145 0.10410959
1 0.62974359 0.55890411 0.06564103 0.07123288
1 0.43282051 0.19178082 0.07111111 0.06575342
1 0.54222222 0.56986301 0.08205128 0.08767123
1 0.18119658 0.21369863 0.06564103 0.07123288
1 0.04444444 0.61369863 0.07111111 0.08767123
1 0.87589744 0.18630137 0.07111111 0.10958904
1 0.32341880 0.58630137 0.09846154 0.10958904
1 0.67350427 0.17534247 0.20239316 0.10958904
1 0.09367521 0.93835616 0.12581197 0.12328767
1 0.75555556 0.92054795 0.13675214 0.15890411
