1 0.15623932 0.24109589 0.05470085 0.07671233
1 0.51179487 0.23561644 0.04923077 0.05479452
1 0.16717949 0.94657534 0.09299145 0.10684932
1 0.85094017 0.95342466 0.14222222 0.09315068
1 0.64854701 0.24109589 0.06017094 0.06027397
1 0.91111111 0.25205479 0.06564103 0.08767123
1 0.27658120 0.24109589 0.09846154 0.10958904
1 0.22735043 0.59726027 0.07658120 0.09863014
1 0.73606838 0.60821918 0.12034188 0.12602740
1 0.42427350 0.94794521 0.06564103 0.07671233
1 0.53914530 0.94246575 0.04923077 0.06575342
