1 0.31726496 0.02191781 0.05470085 0.04383562
1 0.93538462 0.69315068 0.12034188 0.08219178
1 0.38837607 0.35890411 0.09846154 0.09863014
1 0.71658120 0.01780822 0.13675214 0.03561644
1 0.81504274 0.33698630 0.12581197 0.08219178
1 0.20786325 0.37534247 0.17504274 0.09863014
1 0.12581197 0.73150685 0.18051282 0.10410959
1 0.97316239 0.34246575 0.05367521 0.10410959
1 0.02735043 0.04931507 0.05470085 0.09863014
1 0.74940171 0.70410959 0.05470085 0.07671233
1 0.38290598 0.70958904 0.04376068 0.06575342
1 0.47589744 0.70958904 0.07658120 0.06575342
1 0.11487179 0.03013699 0.05470085 0.06027397
