1 0.87179487 0.10410959 0.06564103 0.10410959
1 0.96188034 0.13150685 0.07623932 0.09315068
1 0.01196581 0.64657534 0.02393162 0.12054795
1 0.16615385 0.67945205 0.08752137 0.09315068
1 0.77880342 0.84931507 0.13128205 0.12602740
1 0.37401709 0.34520548 0.10940171 0.15342466
1 0.03247863 0.98219178 0.06495726 0.03561644
1 0.94136752 0.91506849 0.11726496 0.14246575
1 0.41230769 0.75068493 0.24615385 0.14794521
1 0.16615385 0.28493151 0.15316239 0.14794521
1 0.61470085 0.41095890 0.19692308 0.13698630
1 0.83897436 0.47671233 0.15316239 0.15342466
1 0.64205128 0.80547945 0.14222222 0.13698630
1 0.77333333 0.07123288 0.08752137 0.13150685
