1 0.19794872 0.43835616 0.06564103 0.07123288
1 0.07760684 0.10410959 0.04376068 0.07671233
1 0.56444444 0.79452055 0.07111111 0.07123288
1 0.25264957 0.77260274 0.06017094 0.06575342
1 0.45504274 0.45479452 0.08205128 0.06575342
1 0.42769231 0.78904110 0.16410256 0.08219178
1 0.93641026 0.82191781 0.04923077 0.06027397
1 0.42222222 0.12602740 0.06564103 0.06575342
1 0.16512821 0.09863014 0.10393162 0.08219178
1 0.29641026 0.12054795 0.10940171 0.08219178
1 0.34564103 0.44383562 0.09299145 0.08767123
1 0.12136752 0.75616438 0.09846154 0.08767123
1 0.98051282 0.50958904 0.03897436 0.09315068
1 0.58632479 0.48219178 0.08205128 0.08219178
1 0.57538462 0.13698630 0.15863248 0.08767123
1 0.76683761 0.16438356 0.07111111 0.10410959
1 0.08307692 0.43287671 0.13675214 0.08767123
