0 0.00940215 0.22602608 0.01880429 0.06849578
0 0.13760930 0.02967978 0.05641277 0.05935956
0 0.28974244 0.04680197 0.12478446 0.09360395
0 0.43418771 0.07191627 0.10940171 0.14383255
0 0.50427482 0.21689425 0.12991672 0.27854203
0 0.40513061 0.78196690 0.06153802 0.08447299
0 0.18034073 0.74885523 0.13162514 0.20091441
0 0.96923241 0.94178104 0.06153518 0.07990707
0 0.68718047 0.37100625 0.07521236 0.39954236
0 0.35470430 0.21347156 0.05641277 0.07534115
0 0.24615680 0.27282849 0.16068223 0.17579836
0 0.31623691 0.83447145 0.09914421 0.10730258
0 0.82051402 0.77625775 0.09231054 0.10958904
0 0.77948401 0.90411047 0.08888670 0.10045721
0 0.62649666 0.97260186 0.07350395 0.05479627
0 0.81111073 0.39383584 0.06666328 0.31278290
0 0.41452691 0.54566137 0.06666328 0.05022510
0 0.17777811 0.95205348 0.29059895 0.09589304
