1 0.79076923 0.21917808 0.08205128 0.08767123
1 0.27111111 0.24657534 0.06017094 0.08219178
1 0.02752137 0.25753425 0.05504274 0.05479452
1 0.13435897 0.25205479 0.09846154 0.07671233
1 0.84000000 0.90958904 0.08752137 0.13150685
1 0.13435897 0.94931507 0.13128205 0.10136986
1 0.39692308 0.24109589 0.14769231 0.09315068
1 0.01658120 0.61369863 0.03316239 0.08219178
1 0.11794872 0.60821918 0.08752137 0.07123288
1 0.28752137 0.59178082 0.04923077 0.07123288
1 0.35863248 0.58630137 0.05470085 0.06575342
1 0.53914530 0.58630137 0.06564103 0.07123288
1 0.86735043 0.55890411 0.05470085 0.06575342
1 0.97880342 0.54246575 0.04239316 0.07123288
1 0.87829060 0.22465753 0.05470085 0.08219178
