1 0.01299145 0.15342466 0.02598291 0.08219178
1 0.08068376 0.16986301 0.08205128 0.11506849
1 0.63316239 0.31780822 0.06564103 0.10958904
1 0.74256410 0.35068493 0.07658120 0.13150685
1 0.86837607 0.37260274 0.14769231 0.10958904
1 0.52923077 0.98493151 0.08205128 0.03013699
1 0.68786325 0.00684932 0.21880342 0.01369863
1 0.99846154 0.43835616 0.00307692 0.10958904
1 0.63863248 0.67945205 0.21880342 0.15342466
1 0.70974359 0.99726027 0.09846154 0.00547945
1 0.26119658 0.93698630 0.30632479 0.12602740
1 0.95196581 0.03972603 0.09606838 0.07945205
1 0.48000000 0.28493151 0.20786325 0.14246575
1 0.31042735 0.60821918 0.15316239 0.15342466
