1 0.14957566 0.95433863 0.11111013 0.09132274
1 0.35812157 0.97945293 0.09401895 0.04109414
1 0.47008591 0.99657688 0.12307605 0.00684625
1 0.01025657 0.55365436 0.02051315 0.07990707
1 0.02307845 0.15867792 0.04615691 0.13927101
1 0.14188078 0.22603047 0.10940171 0.12328679
1 0.65299156 0.36758093 0.18119724 0.11872088
1 0.95726496 0.08219353 0.08547009 0.15981414
1 0.11880315 0.59589085 0.10085262 0.11415496
1 0.85982906 0.41096066 0.08546987 0.08675945
1 0.29658355 0.65411156 0.13845880 0.05251156
