1 0.53914530 0.93972603 0.08205128 0.08219178
1 0.31487179 0.94520548 0.08752137 0.09315068
1 0.56102564 0.21095890 0.07111111 0.07123288
1 0.01247863 0.24931507 0.02495726 0.04383562
1 0.09059829 0.24383562 0.09846154 0.04931507
1 0.32034188 0.22191781 0.26256410 0.06027397
1 0.20547009 0.61643836 0.05470085 0.06575342
1 0.29846154 0.60547945 0.06564103 0.05479452
1 0.39145299 0.60547945 0.06564103 0.06575342
1 0.50085470 0.60000000 0.09846154 0.06575342
1 0.69777778 0.58356164 0.04376068 0.04383562
1 0.40239316 0.94520548 0.07658120 0.08219178
1 0.01521368 0.97123288 0.03042735 0.05753425
1 0.11247863 0.96301370 0.04923077 0.07397260
1 0.76341880 0.92328767 0.04923077 0.06027397
1 0.98427350 0.17808219 0.03145299 0.06027397
