1 0.58495726 0.98630137 0.06017094 0.02739726
1 0.98940171 0.33150685 0.02119658 0.08767123
1 0.91863248 0.33150685 0.07111111 0.10410959
1 0.26769231 0.96986301 0.06564103 0.06027397
1 0.34427350 0.28219178 0.08205128 0.09315068
1 0.32239316 0.63835616 0.10393162 0.09863014
1 0.74358974 0.98493151 0.09299145 0.03013699
1 0.39897436 0.96575342 0.10940171 0.06849315
1 0.94598291 0.67671233 0.10393162 0.09863014
1 0.68341880 0.30958904 0.04923077 0.07671233
1 0.48102564 0.30410959 0.04376068 0.07123288
1 0.07623932 0.26575342 0.04923077 0.04383562
