1 0.20444444 0.51506849 0.09846154 0.12602740
1 0.03794872 0.51506849 0.07589744 0.13698630
1 0.85538462 0.57534247 0.19145299 0.14246575
1 0.45606838 0.54246575 0.15316239 0.16438356
1 0.56547009 0.20821918 0.18051282 0.14246575
1 0.94820513 0.26301370 0.10358974 0.13698630
1 0.05572650 0.86027397 0.11145299 0.15890411
1 0.14974359 0.19726027 0.18051282 0.14794521
1 0.24820513 0.87123288 0.19145299 0.17534247
1 0.81145299 0.90410959 0.37709402 0.14794521
1 0.61470085 0.56986301 0.14769231 0.10958904
1 0.36854701 0.21917808 0.08205128 0.11506849
1 0.80068376 0.24657534 0.09299145 0.11506849
1 0.52170940 0.87671233 0.07658120 0.06575342
