1 0.64854701 0.96301370 0.07658120 0.07397260
1 0.48991453 0.20547945 0.07658120 0.09315068
1 0.58290598 0.21643836 0.09299145 0.09863014
1 0.22188034 0.12876712 0.05470085 0.07671233
1 0.20547009 0.85205479 0.04923077 0.08767123
1 0.59931624 0.58356164 0.05470085 0.08219178
1 0.76888889 0.96164384 0.12034188 0.07671233
1 0.70871795 0.61095890 0.06564103 0.10410959
1 0.96239316 0.00958904 0.07521368 0.01917808
1 0.85641026 0.27671233 0.12034188 0.11506849
1 0.32581197 0.14520548 0.07658120 0.09315068
1 0.91658120 0.64931507 0.09299145 0.12054795
1 0.11794872 0.79726027 0.08205128 0.12054795
1 0.33675214 0.87397260 0.12034188 0.12054795
1 0.01521368 0.79178082 0.03042735 0.12054795
