1 0.75897436 0.53698630 0.21333333 0.07671233
1 0.33230769 0.88219178 0.04923077 0.07671233
1 0.03213675 0.19178082 0.06427350 0.08767123
1 0.56752137 0.53698630 0.07658120 0.07123288
1 0.14632479 0.19178082 0.10393162 0.08767123
1 0.29401709 0.53150685 0.05470085 0.08219178
1 0.04444444 0.53150685 0.08888889 0.08767123
1 0.66051282 0.88219178 0.08752137 0.08219178
0 0.33777778 0.15890411 0.10940171 0.11506849
1 0.95196581 0.89863014 0.09606838 0.10410959
1 0.87384615 0.20821918 0.20239316 0.09315068
1 0.17367521 0.53698630 0.05470085 0.07671233
1 0.46358974 0.88767123 0.10393162 0.06575342
1 0.98205128 0.55890411 0.03589744 0.04383562
1 0.60034188 0.20821918 0.04923077 0.04383562
