1 0.68683761 0.16986301 0.09299145 0.09863014
1 0.88923077 0.90958904 0.08752137 0.08219178
1 0.20547009 0.59726027 0.04923077 0.07671233
1 0.58837607 0.17534247 0.07111111 0.08767123
1 0.43521368 0.96027397 0.07658120 0.07945205
1 0.57196581 0.94931507 0.09299145 0.10136986
1 0.83452991 0.16986301 0.17504274 0.13698630
1 0.42427350 0.19178082 0.10393162 0.13150685
1 0.16717949 0.21917808 0.12034188 0.12602740
1 0.05777778 0.60821918 0.10393162 0.13150685
1 0.20000000 0.95753425 0.15863248 0.08493151
1 0.95829060 0.53150685 0.08341880 0.13698630
