1 0.90358974 0.91780822 0.09846154 0.13150685
1 0.07299145 0.49589041 0.14598291 0.10410959
1 0.20888889 0.89041096 0.10393162 0.07671233
1 0.34017094 0.86849315 0.07111111 0.09863014
1 0.73948718 0.90136986 0.12034188 0.12054795
1 0.66290598 0.56164384 0.16410256 0.10958904
1 0.05658120 0.13972603 0.11316239 0.09863014
1 0.51521368 0.20547945 0.16957265 0.11506849
1 0.22529915 0.17260274 0.12034188 0.08219178
1 0.30735043 0.52328767 0.09299145 0.10410959
1 0.42769231 0.55616438 0.08205128 0.07123288
1 0.53709402 0.90136986 0.07111111 0.08767123
1 0.87658120 0.23835616 0.24683761 0.09863014
1 0.95589744 0.58904110 0.08820513 0.09863014
1 0.01145299 0.85753425 0.02290598 0.09863014
