1 0.54666667 0.45753425 0.09846154 0.07671233
1 0.26769231 0.79178082 0.04923077 0.06027397
1 0.34974359 0.43561644 0.04923077 0.05479452
1 0.79282051 0.46301370 0.07658120 0.08219178
1 0.67794872 0.11232877 0.10940171 0.08219178
1 0.95145299 0.46849315 0.07111111 0.08767123
1 0.64512821 0.79726027 0.10393162 0.11506849
1 0.75452991 0.80273973 0.09846154 0.13698630
1 0.14188034 0.76438356 0.09299145 0.10958904
1 0.91316239 0.12328767 0.16410256 0.11506849
1 0.13094017 0.06849315 0.19145299 0.12054795
1 0.96888889 0.82465753 0.06222222 0.12054795
