1 0.07658120 0.30684932 0.13675214 0.10958904
1 0.35555556 0.38904110 0.25162393 0.12054795
1 0.68376068 0.45479452 0.20239316 0.14246575
1 0.90256410 0.54794521 0.12034188 0.10410959
1 0.47589744 0.06027397 0.18598291 0.11506849
1 0.68376068 0.10958904 0.15316239 0.10958904
1 0.07658120 0.99589041 0.14769231 0.00821918
1 0.19145299 0.02054795 0.13675214 0.04109589
1 0.90803419 0.18082192 0.06017094 0.09863014
1 0.41572650 0.77260274 0.17504274 0.08767123
1 0.23521368 0.71780822 0.07111111 0.08767123
