0 0.13162098 0.05251025 0.06837869 0.10502049
0 0.21196559 0.07420230 0.04786369 0.05707748
0 0.37692587 0.18036866 0.05982961 0.05022510
0 0.47008361 0.14497753 0.07521236 0.07534115
0 0.07436100 0.58104723 0.11795080 0.09817074
0 0.37435624 0.34018279 0.06153802 0.05936395
0 0.51367625 0.81963222 0.07008711 0.07762762
0 0.57350586 0.77168658 0.06324644 0.07306170
0 0.01367401 0.23744614 0.02734802 0.14155047
0 0.06324929 0.34132603 0.08205303 0.08903890
0 0.05640862 0.23288022 0.03418935 0.05022510
0 0.11965506 0.50456285 0.05812119 0.05936395
0 0.31025559 0.80022532 0.03589776 0.08903890
0 0.14102427 0.84474827 0.03931460 0.04109326
0 0.16495612 0.89498038 0.04615527 0.05022510
0 0.20170809 0.91438027 0.04102302 0.05251156
0 0.23504323 0.76712066 0.04615527 0.05936395
0 0.64359297 0.47602411 0.11452696 0.07534115
0 0.29828967 0.55365173 0.09059512 0.07990707
