1 0.11367521 0.39726027 0.22735043 0.12054795
1 0.11247863 0.04931507 0.08205128 0.09863014
1 0.95555556 0.80273973 0.08888889 0.10410959
1 0.17811966 0.75342466 0.14769231 0.13150685
1 0.28205128 0.05068493 0.18051282 0.10136986
1 0.89538462 0.07945205 0.20923077 0.13150685
1 0.29299145 0.77534247 0.06564103 0.10958904
1 0.37504274 0.77534247 0.07111111 0.10958904
1 0.48444444 0.77534247 0.10940171 0.12602740
1 0.32034188 0.43013699 0.09299145 0.12602740
1 0.47350427 0.41917808 0.12581197 0.11506849
1 0.67042735 0.77534247 0.18051282 0.14246575
1 0.82905983 0.79178082 0.09846154 0.14246575
1 0.58290598 0.06849315 0.17504274 0.12054795
1 0.80512821 0.45205479 0.38974359 0.14246575
