1 0.29846154 0.11506849 0.08752137 0.09863014
1 0.12888889 0.45479452 0.16957265 0.17534247
1 0.11641026 0.82191781 0.23282051 0.13150685
1 0.39145299 0.83835616 0.27350427 0.12602740
1 0.44615385 0.11506849 0.14769231 0.13698630
1 0.92136752 0.14246575 0.15726496 0.13150685
1 0.91179487 0.85479452 0.17641026 0.13698630
1 0.65401709 0.83835616 0.22427350 0.14794521
1 0.12341880 0.10410959 0.21880342 0.14246575
1 0.31487179 0.47123288 0.14222222 0.12602740
1 0.74632479 0.49863014 0.50735043 0.17534247
1 0.69230769 0.14794521 0.27350427 0.13698630
