0 0.24615527 0.94520592 0.49231054 0.10958816
0 0.04444477 0.60959036 0.08888955 0.28310795
0 0.20940297 0.04452208 0.07692078 0.08904416
0 0.16153928 0.29452099 0.21709500 0.29680570
0 0.06837454 0.83561381 0.07521236 0.08675945
0 0.91794746 0.71232701 0.16410508 0.19178258
0 0.65812152 0.39954411 0.34187947 0.31506937
0 0.92564234 0.30936197 0.14871532 0.39497644
0 0.40256613 0.08790005 0.15555698 0.17580011
0 0.53419126 0.03082258 0.09401895 0.06164515
0 0.75897414 0.91780866 0.18461407 0.16438268
