1 0.43863248 0.48219178 0.09846154 0.06575342
1 0.97777778 0.87123288 0.04444444 0.05479452
1 0.84888889 0.86027397 0.04376068 0.05479452
1 0.87623932 0.54246575 0.05470085 0.05479452
1 0.67931624 0.83835616 0.04376068 0.05479452
1 0.81059829 0.52602740 0.05470085 0.06027397
1 0.01555556 0.44931507 0.03111111 0.06575342
1 0.96923077 0.19726027 0.04376068 0.06027397
1 0.66837607 0.51506849 0.07658120 0.06575342
1 0.73948718 0.18082192 0.06017094 0.07123288
1 0.87076923 0.19726027 0.04923077 0.06027397
1 0.34564103 0.15342466 0.04923077 0.06575342
1 0.63555556 0.17534247 0.07658120 0.06575342
1 0.32923077 0.48219178 0.09299145 0.07671233
1 0.24717949 0.15890411 0.06017094 0.08219178
1 0.41675214 0.81095890 0.08205128 0.07671233
1 0.05025641 0.12054795 0.08205128 0.07671233
1 0.52068376 0.82739726 0.06564103 0.07671233
1 0.10495726 0.46575342 0.10393162 0.07123288
1 0.48786325 0.16438356 0.14222222 0.08219178
1 0.13042735 0.78356164 0.26085470 0.12054795
