1 0.52581197 0.02465753 0.19145299 0.04931507
1 0.76102564 0.03561644 0.17504274 0.07123288
1 0.26871795 0.65753425 0.16957265 0.13698630
1 0.94615385 0.04657534 0.10769231 0.09315068
1 0.20854701 0.30684932 0.14769231 0.12602740
1 0.33982906 0.02602740 0.14222222 0.05205479
1 0.37811966 0.32876712 0.11487179 0.14794521
1 0.65162393 0.34520548 0.32820513 0.10958904
1 0.88136752 0.39452055 0.09299145 0.10410959
1 0.50393162 0.69041096 0.26803419 0.11506849
1 0.84222222 0.69589041 0.31555556 0.13150685
1 0.96803419 0.37260274 0.06393162 0.12054795
