1 0.29299145 0.12876712 0.06564103 0.08219178
1 0.39692308 0.13972603 0.07111111 0.09315068
1 0.56102564 0.49589041 0.08752137 0.09315068
1 0.25470085 0.50136986 0.07111111 0.08219178
1 0.80717949 0.50136986 0.07111111 0.10410959
1 0.11247863 0.50684932 0.06564103 0.09315068
1 0.86735043 0.12876712 0.10940171 0.09863014
1 0.47897436 0.84657534 0.07111111 0.10410959
1 0.36957265 0.50136986 0.07111111 0.09863014
1 0.01384615 0.15068493 0.02769231 0.08219178
1 0.09606838 0.15068493 0.06564103 0.09315068
1 0.20547009 0.12328767 0.04376068 0.06575342
1 0.56102564 0.13972603 0.06017094 0.08767123
1 0.64854701 0.13424658 0.06017094 0.10410959
1 0.73606838 0.15068493 0.08752137 0.07671233
1 0.97333333 0.49589041 0.05333333 0.08219178
