1 0.47589744 0.09863014 0.10940171 0.13150685
1 0.58529915 0.10958904 0.09299145 0.09863014
1 0.55247863 0.50410959 0.12034188 0.10410959
1 0.25162393 0.87671233 0.14222222 0.11506849
1 0.03829060 0.46575342 0.07658120 0.14246575
1 0.87521368 0.09863014 0.16410256 0.15342466
1 0.71658120 0.10958904 0.12034188 0.14246575
1 0.51418803 0.89315068 0.09846154 0.12054795
1 0.25162393 0.07123288 0.19692308 0.12054795
1 0.26803419 0.51506849 0.08752137 0.09863014
1 0.38290598 0.50410959 0.08205128 0.11506849
1 0.77675214 0.51506849 0.16410256 0.13698630
1 0.89709402 0.92054795 0.12034188 0.13150685
