1 0.407692 0.582192 0.066667 0.109589
1 0.812821 0.587900 0.124786 0.157534
1 0.020513 0.922374 0.037607 0.141553
1 0.123077 0.231735 0.099145 0.130137
1 0.605128 0.599315 0.246154 0.148402
1 0.228205 0.922374 0.049573 0.109589
1 0.304274 0.926941 0.092308 0.105023
1 0.408547 0.922374 0.099145 0.114155
1 0.140171 0.928082 0.088889 0.121005
1 0.211111 0.587900 0.230769 0.130137
1 0.402564 0.236301 0.377778 0.148402
1 0.577778 0.916667 0.136752 0.116438
1 0.916239 0.926941 0.167521 0.146119
1 0.817949 0.237443 0.360684 0.141553
1 0.950427 0.593607 0.099145 0.114155
