1 0.75794872 0.51506849 0.17504274 0.07671233
1 0.85094017 0.87123288 0.05470085 0.07671233
1 0.17811966 0.51506849 0.04923077 0.06027397
1 0.03589744 0.85479452 0.06017094 0.07123288
1 0.92205128 0.52602740 0.06564103 0.06575342
1 0.40786325 0.85479452 0.06017094 0.08219178
1 0.71418803 0.86027397 0.04923077 0.08767123
1 0.22188034 0.17534247 0.06017094 0.06575342
1 0.52273504 0.52602740 0.09299145 0.07671233
1 0.95487179 0.18630137 0.06564103 0.06575342
1 0.59384615 0.18082192 0.04923077 0.08219178
1 0.69230769 0.16986301 0.04923077 0.07671233
1 0.21094017 0.84931507 0.08752137 0.09863014
1 0.52273504 0.84931507 0.10393162 0.09863014
1 0.38598291 0.18630137 0.03829060 0.05479452
1 0.05230769 0.18082192 0.05470085 0.07123288
