1 0.18358974 0.08767123 0.05470085 0.07671233
1 0.09059829 0.06575342 0.06564103 0.09863014
1 0.27658120 0.08219178 0.09299145 0.09315068
1 0.39692308 0.08767123 0.09299145 0.11506849
1 0.55008547 0.08767123 0.09846154 0.12602740
1 0.93914530 0.12054795 0.12170940 0.12054795
1 0.09606838 0.72328767 0.12034188 0.12602740
1 0.61025641 0.76712329 0.30085470 0.12054795
1 0.32581197 0.74520548 0.20786325 0.12054795
1 0.89401709 0.79452055 0.21196581 0.12602740
1 0.74153846 0.10410959 0.15863248 0.14246575
