1 0.91863248 0.84931507 0.07111111 0.08219178
1 0.57948718 0.13698630 0.10940171 0.08219178
1 0.78188034 0.16438356 0.06564103 0.08767123
1 0.17470085 0.48219178 0.04923077 0.07671233
1 0.36615385 0.49315068 0.05470085 0.07671233
1 0.21846154 0.10958904 0.06564103 0.09315068
1 0.36068376 0.12054795 0.06017094 0.08219178
1 0.46461538 0.12602740 0.06564103 0.09315068
1 0.96752137 0.53150685 0.06495726 0.10410959
1 0.13094017 0.81095890 0.07111111 0.08219178
1 0.71076923 0.50958904 0.06017094 0.09863014
1 0.90222222 0.15890411 0.12034188 0.11506849
