1 0.411111 0.294521 0.032479 0.054795
0 0.734188 0.941781 0.066667 0.098174
1 0.734188 0.946347 0.059829 0.098174
1 0.934188 0.042237 0.063248 0.079909
1 0.088034 0.262557 0.032479 0.050228
1 0.015385 0.930365 0.027350 0.043379
1 0.870085 0.948630 0.082051 0.102740
1 0.285470 0.289954 0.044444 0.059361
1 0.971795 0.585616 0.052991 0.175799
1 0.849573 0.355023 0.054701 0.075342
1 0.729060 0.333333 0.070085 0.100457
1 0.208547 0.956621 0.109402 0.086758
1 0.966667 0.940639 0.066667 0.114155
1 0.973504 0.288813 0.052991 0.175799
