0 0.45128402 0.02054970 0.08205303 0.04109940
0 0.19059638 0.06050279 0.08034462 0.09360482
0 0.31452663 0.02625359 0.07521236 0.05250718
0 0.37692587 0.70205282 0.07008711 0.06620932
0 0.32307572 0.11758027 0.07179553 0.12100734
0 0.54358756 0.47945205 0.05128052 0.06849578
0 0.08717971 0.24086707 0.17435941 0.17123244
0 0.15213599 0.48744066 0.05812119 0.06164340
0 0.39914229 0.09475068 0.04615527 0.06620932
0 0.39316283 0.29680132 0.03418935 0.04109326
0 0.03162464 0.73402126 0.06324929 0.07077523
0 0.01367401 0.80593271 0.02734802 0.08219353
0 0.02478747 0.89612186 0.04957495 0.07077523
0 0.10598072 0.85502159 0.07521236 0.10273666
0 0.04872074 0.46461107 0.07692078 0.07534115
0 0.17521362 0.38812668 0.17264815 0.09589129
0 0.23333481 0.47374290 0.05641277 0.07077523
0 0.45042981 0.48401797 0.04273843 0.03652734
0 0.24016848 0.87785205 0.08034462 0.24429589
0 0.29999809 0.78424636 0.02905709 0.04794564
0 0.29572704 0.85844427 0.03760618 0.05936395
0 0.23418902 0.63926619 0.09231054 0.21461216
0 0.02478572 0.59018433 0.04957145 0.18493019
0 0.12051627 0.61757984 0.12820830 0.18036427
0 0.02392976 0.36415386 0.04785953 0.07990707
0 0.03418902 0.03995485 0.06837804 0.07990970
0 0.22478572 0.14611901 0.09401895 0.08219353
0 0.32136730 0.58447518 0.03077251 0.02739551
0 0.39145441 0.98744460 0.02393184 0.02511079
0 0.17265099 0.90981962 0.04786369 0.06620932
