1 0.45709402 0.04246575 0.13675214 0.08493151
1 0.50085470 0.03561644 0.06564103 0.07123288
1 0.32581197 0.04657534 0.04923077 0.07671233
1 0.22188034 0.05205479 0.04376068 0.06575342
1 0.14529915 0.78630137 0.04376068 0.06027397
1 0.01658120 0.05753425 0.03316239 0.06575342
1 0.41880342 0.04246575 0.07658120 0.08493151
1 0.80170940 0.02465753 0.04923077 0.04931507
1 0.70324786 0.03013699 0.08752137 0.06027397
1 0.03572650 0.79726027 0.07145299 0.09315068
1 0.10700855 0.06301370 0.08752137 0.08219178
1 0.75794872 0.75890411 0.10393162 0.09863014
1 0.94393162 0.03013699 0.07111111 0.06027397
1 0.91316239 0.74794521 0.17367521 0.11506849
1 0.30940171 0.78082192 0.09846154 0.10958904
1 0.43521368 0.78082192 0.08752137 0.12602740
