1 0.47452991 1.00000000 0.14222222 0.00000000
1 0.10256410 0.29315068 0.07658120 0.08767123
1 0.81367521 0.40821918 0.11487179 0.09863014
1 0.74256410 0.04794521 0.45401709 0.09589041
1 0.79179487 0.77534247 0.22427350 0.12054795
1 0.49641026 0.72602740 0.13128205 0.13150685
1 0.06974359 0.98356164 0.07658120 0.03287671
1 0.25572650 0.99452055 0.24068376 0.01095890
1 0.21196581 0.00410959 0.10393162 0.00821918
1 0.21743590 0.68767123 0.37743590 0.13698630
1 0.44717949 0.04109589 0.12034188 0.08219178
