1 0.03760684 0.65753425 0.07521368 0.10958904
1 0.92854701 0.72328767 0.07658120 0.12054795
1 0.50188034 0.03287671 0.15316239 0.06575342
1 0.23931624 0.02602740 0.28444444 0.05205479
1 0.72615385 0.05890411 0.21880342 0.11780822
1 0.68239316 0.71232877 0.13128205 0.13698630
1 0.28307692 0.67945205 0.31179487 0.11506849
1 0.21128205 0.35616438 0.42256410 0.15890411
1 0.71521368 0.38904110 0.53059829 0.14246575
1 0.88478632 0.06575342 0.06017094 0.08767123
1 0.81914530 0.72876712 0.09846154 0.13150685
