1 0.69675214 0.92602740 0.05470085 0.07671233
1 0.81709402 0.93150685 0.07658120 0.07123288
1 0.30290598 0.88219178 0.08752137 0.08219178
1 0.94837607 0.92602740 0.08752137 0.08219178
1 0.58188034 0.24109589 0.07111111 0.10410959
1 0.43418803 0.88767123 0.06564103 0.08767123
1 0.72410256 0.25205479 0.07111111 0.10410959
1 0.83897436 0.25753425 0.07658120 0.09863014
1 0.05162393 0.85479452 0.10324786 0.10410959
1 0.19350427 0.88219178 0.08205128 0.08767123
1 0.46700855 0.24657534 0.08752137 0.10958904
1 0.14427350 0.21369863 0.11487179 0.12054795
1 0.56000000 0.91506849 0.09846154 0.09315068
