1 0.18803419 0.90958904 0.06017094 0.08767123
1 0.30290598 0.92054795 0.07658120 0.10410959
1 0.08957265 0.21917808 0.05470085 0.06575342
1 0.11692308 0.58082192 0.07658120 0.08767123
1 0.34666667 0.25205479 0.07658120 0.11506849
1 0.41777778 0.93150685 0.11487179 0.13150685
1 0.24273504 0.23561644 0.08205128 0.09315068
1 0.75145299 0.65205479 0.41025641 0.16438356
1 0.58735043 0.93698630 0.17504274 0.11506849
1 0.22632479 0.58630137 0.09846154 0.08767123
1 0.76239316 0.94657534 0.14222222 0.10684932
1 0.43418803 0.61917808 0.15863248 0.14246575
1 0.53811966 0.27945205 0.18598291 0.14794521
1 0.81709402 0.31232877 0.32273504 0.17534247
1 0.95367521 0.92465753 0.09264957 0.15068493
1 0.75692308 0.03013699 0.36649573 0.06027397
