1 0.72307692 0.00410959 0.08752137 0.00821918
1 0.85982906 0.01917808 0.08205128 0.03835616
1 0.92034188 0.78082192 0.15931624 0.14246575
1 0.78871795 0.35890411 0.09299145 0.14246575
1 0.92547009 0.39178082 0.09846154 0.12602740
1 0.20888889 0.98219178 0.12034188 0.03561644
1 0.95316239 0.04246575 0.09367521 0.08493151
1 0.34564103 0.61095890 0.24068376 0.17534247
1 0.59726496 0.29315068 0.10393162 0.10410959
1 0.64102564 0.69863014 0.12581197 0.10958904
1 0.02512821 0.95205479 0.05025641 0.09589041
1 0.09623932 0.53424658 0.19247863 0.16438356
1 0.30188034 0.21643836 0.20786325 0.15342466
1 0.06478632 0.13972603 0.12957265 0.15342466
1 0.35111111 0.99863014 0.08752137 0.00273973
