1 0.30512706 0.02397195 0.08034462 0.04794389
1 0.52478468 0.03082258 0.09572737 0.06164515
1 0.71367680 0.04109589 0.25128435 0.08219178
1 0.19487114 0.63128022 0.08888670 0.17579836
1 0.53077115 0.65296658 0.10427646 0.13698455
1 0.32478786 0.63926882 0.07521236 0.09132537
1 0.84615379 0.69406685 0.30769242 0.15981414
1 0.39059692 0.96803726 0.05982961 0.06392548
1 0.48205325 0.96004690 0.08888670 0.07990619
1 0.05555813 0.96461282 0.07008711 0.07077436
1 0.64102706 0.96803726 0.09572737 0.06392548
1 0.79829246 0.98858564 0.05469735 0.02282871
