1 0.21196581 0.53972603 0.04923077 0.07123288
1 0.56205128 0.87945205 0.05470085 0.07123288
1 0.54564103 0.22739726 0.06017094 0.07671233
1 0.82461538 0.22739726 0.06017094 0.06575342
1 0.92307692 0.23287671 0.06017094 0.08219178
1 0.61675214 0.55616438 0.06564103 0.08767123
1 0.66051282 0.22191781 0.08752137 0.07671233
1 0.46905983 0.54520548 0.07111111 0.09863014
1 0.08068376 0.87397260 0.10393162 0.09863014
1 0.87948718 0.90684932 0.24102564 0.11506849
1 0.24478632 0.19452055 0.26256410 0.07671233
