1 0.97025641 0.02602740 0.05948718 0.05205479
1 0.22940171 0.53424658 0.07111111 0.08767123
1 0.12000000 0.88493151 0.07658120 0.10410959
1 0.74905983 0.99315068 0.09299145 0.01369863
1 0.01897436 0.85205479 0.03794872 0.10958904
1 0.92410256 0.73150685 0.08752137 0.11506849
1 0.66700855 0.64931507 0.08205128 0.09863014
1 0.43726496 0.57808219 0.08752137 0.12054795
1 0.59589744 0.25479452 0.08205128 0.10958904
1 0.83658120 0.30958904 0.12034188 0.14246575
1 0.57948718 0.96575342 0.12034188 0.06849315
1 0.21846154 0.91780822 0.06564103 0.09315068
1 0.30051282 0.92876712 0.04376068 0.13150685
