1 0.49196581 0.84657534 0.06564103 0.09315068
1 0.66153846 0.86301370 0.07658120 0.08219178
1 0.79282051 0.46849315 0.05470085 0.06027397
1 0.69435897 0.46849315 0.05470085 0.06027397
1 0.23487179 0.09041096 0.10393162 0.10410959
1 0.97846154 0.49041096 0.04307692 0.08767123
1 0.25128205 0.43013699 0.06564103 0.08767123
1 0.36068376 0.44109589 0.07111111 0.10410959
1 0.82564103 0.86301370 0.08205128 0.12054795
1 0.57948718 0.45205479 0.08205128 0.09863014
1 0.36068376 0.09589041 0.07111111 0.11506849
1 0.30051282 0.84109589 0.13675214 0.10410959
1 0.83658120 0.12328767 0.10393162 0.13150685
1 0.97982906 0.12876712 0.04034188 0.13150685
