1 0.59282051 0.42465753 0.08205128 0.11506849
1 0.70222222 0.39726027 0.10940171 0.10958904
1 0.92102564 0.06849315 0.07658120 0.07123288
1 0.03658120 0.05068493 0.07316239 0.10136986
1 0.46700855 0.73150685 0.21880342 0.13698630
1 0.24273504 0.38630137 0.08205128 0.12054795
1 0.92632479 0.41917808 0.14735043 0.12602740
1 0.60376068 0.05342466 0.18051282 0.10684932
1 0.10598291 0.38630137 0.08205128 0.10958904
1 0.46700855 0.39178082 0.09846154 0.12054795
1 0.70222222 0.74794521 0.09846154 0.12054795
1 0.86632479 0.74794521 0.12581197 0.13150685
1 0.09504274 0.71506849 0.15863248 0.12602740
1 0.26461538 0.06986301 0.33367521 0.13972603
1 0.82256410 0.08493151 0.06017094 0.08767123
