1 0.609402 0.272831 0.070085 0.075342
1 0.916239 0.289954 0.064957 0.077626
1 0.789744 0.607306 0.064957 0.086758
1 0.560684 0.587900 0.109402 0.079909
1 0.035043 0.902968 0.066667 0.093607
1 0.165812 0.908676 0.109402 0.132420
1 0.347009 0.913242 0.157265 0.105023
0 0.369231 0.607306 0.092308 0.132420
1 0.658974 0.936073 0.148718 0.123288
1 0.850427 0.940639 0.169231 0.109589
1 0.505983 0.924658 0.099145 0.114155
1 0.068376 0.244292 0.054701 0.082192
1 0.967521 0.634703 0.064957 0.086758
1 0.825641 0.285388 0.064957 0.077626
1 0.734188 0.293379 0.046154 0.070776
1 0.421368 0.261416 0.046154 0.070776
1 0.211111 0.574201 0.046154 0.070776
1 0.173504 0.240868 0.046154 0.070776
1 0.243590 0.238584 0.046154 0.070776
1 0.354701 0.261416 0.046154 0.070776
