1 0.10700855 0.53972603 0.06017094 0.09863014
1 0.22188034 0.55068493 0.06017094 0.08219178
1 0.22735043 0.88493151 0.05470085 0.06575342
1 0.05213675 0.88493151 0.10427350 0.10958904
1 0.57196581 0.92876712 0.07111111 0.09315068
1 0.34222222 0.20000000 0.06564103 0.06575342
1 0.34769231 0.55616438 0.07111111 0.10958904
1 0.92205128 0.23287671 0.08205128 0.10958904
1 0.39145299 0.90136986 0.03829060 0.06027397
1 0.46803419 0.90684932 0.05470085 0.05479452
1 0.08769231 0.18356164 0.17538462 0.06575342
1 0.81811966 0.61095890 0.08752137 0.07671233
1 0.49538462 0.58356164 0.04923077 0.06027397
