1 0.59042735 0.35068493 0.06564103 0.07123288
1 0.74358974 0.34520548 0.07658120 0.09863014
1 0.35521368 0.02465753 0.08752137 0.04931507
1 0.58495726 0.73972603 0.09299145 0.10958904
1 0.36615385 0.35616438 0.09299145 0.09863014
1 0.72717949 0.72876712 0.10940171 0.10410959
1 0.20752137 0.36164384 0.12581197 0.12054795
1 0.51384615 0.01917808 0.15316239 0.03835616
1 0.30051282 0.74520548 0.12581197 0.10958904
1 0.07623932 0.74520548 0.11487179 0.12602740
1 0.94837607 0.71232877 0.10324786 0.14794521
