1 0.21641026 0.73972603 0.06017094 0.08767123
1 0.72512821 0.48767123 0.06017094 0.09315068
1 0.39692308 0.40547945 0.09299145 0.12054795
1 0.90564103 0.14246575 0.06564103 0.10410959
1 0.28205128 0.40000000 0.08205128 0.13150685
1 0.99794872 0.20821918 0.00410256 0.09863014
1 0.68683761 0.10958904 0.06017094 0.08219178
1 0.55555556 0.45479452 0.08205128 0.12602740
1 0.37504274 0.78904110 0.10393162 0.10958904
1 0.74700855 0.88219178 0.18051282 0.16986301
1 0.04529915 0.31780822 0.09059829 0.14794521
