1 0.27760684 0.25205479 0.06564103 0.07123288
1 0.53470085 0.30684932 0.06564103 0.09863014
1 0.71521368 0.72328767 0.07658120 0.11506849
1 0.43623932 0.29041096 0.06564103 0.09863014
1 0.60581197 0.70136986 0.08205128 0.12054795
1 0.91213675 0.02602740 0.06564103 0.05205479
1 0.70974359 0.35616438 0.06564103 0.10410959
1 0.20649573 0.94794521 0.08205128 0.08767123
1 0.04444444 0.20821918 0.08888889 0.09863014
1 0.91213675 0.40547945 0.08205128 0.10410959
1 0.05880342 0.93698630 0.09846154 0.10958904
1 0.65504274 0.01506849 0.07111111 0.03013699
1 0.50188034 0.67397260 0.10393162 0.15342466
1 0.18461538 0.61369863 0.09299145 0.14794521
1 0.33777778 0.63013699 0.12034188 0.14794521
1 0.88478632 0.77808219 0.14769231 0.16986301
