1 0.09846154 0.12328767 0.04923077 0.06575342
1 0.28444444 0.55616438 0.07658120 0.08219178
1 0.37743590 0.96575342 0.08752137 0.06849315
1 0.96085470 0.01917808 0.07829060 0.03835616
1 0.49777778 0.61095890 0.08752137 0.08767123
1 0.72205128 0.65479452 0.10940171 0.09863014
1 0.84239316 0.34794521 0.08752137 0.12054795
1 0.84786325 0.70958904 0.09846154 0.09863014
1 0.97316239 0.75342466 0.05367521 0.10958904
1 0.44307692 0.23287671 0.18598291 0.12602740
1 0.22427350 0.17260274 0.13675214 0.10958904
1 0.15316239 0.89589041 0.13675214 0.10958904
1 0.09846154 0.51780822 0.13128205 0.14246575
