1 0.13333333 0.10410959 0.11487179 0.12602740
1 0.20444444 0.48219178 0.09299145 0.12602740
1 0.80871795 0.83287671 0.38256410 0.21917808
1 0.66940171 0.43835616 0.10393162 0.13698630
1 0.21538462 0.83835616 0.18051282 0.13150685
1 0.89897436 0.43835616 0.20205128 0.18082192
1 0.29743590 0.11506849 0.11487179 0.23013699
1 0.47794872 0.10958904 0.16957265 0.21369863
1 0.47247863 0.45479452 0.19145299 0.16438356
1 0.74051282 0.07123288 0.16410256 0.14246575
1 0.94410256 0.07671233 0.11179487 0.15342466
1 0.39042735 0.86575342 0.13128205 0.14246575
