1 0.89264957 0.92328767 0.07111111 0.09863014
1 0.08854701 0.83013699 0.06017094 0.10958904
1 0.63555556 0.89589041 0.07658120 0.11506849
1 0.75042735 0.92328767 0.06564103 0.09863014
1 0.99418803 0.19452055 0.01162393 0.11506849
1 0.86529915 0.16712329 0.08205128 0.11506849
1 0.69025641 0.13424658 0.09299145 0.13150685
1 0.34017094 0.09041096 0.18598291 0.13698630
1 0.04478632 0.43013699 0.04923077 0.08219178
1 0.14871795 0.45205479 0.08205128 0.08219178
1 0.23076923 0.85205479 0.10393162 0.13698630
1 0.74495726 0.52876712 0.07658120 0.11506849
1 0.26905983 0.45753425 0.04923077 0.09863014
