1 0.02803419 0.30136986 0.05606838 0.10958904
1 0.21196581 0.73972603 0.08752137 0.12054795
1 0.33230769 0.76164384 0.13675214 0.09863014
1 0.18461538 0.99452055 0.08752137 0.01095890
1 0.59487179 0.83287671 0.12034188 0.12054795
1 0.01162393 0.97260274 0.02324786 0.05479452
1 0.65504274 0.48767123 0.15316239 0.12054795
1 0.64957265 0.10410959 0.20239316 0.14794521
1 0.04854701 0.00136986 0.09709402 0.00273973
1 0.06222222 0.69041096 0.12444444 0.13698630
1 0.86837607 0.53698630 0.05470085 0.09863014
1 0.89025641 0.90958904 0.14222222 0.12602740
1 0.75350427 0.86575342 0.06564103 0.06575342
