1 0.80615385 0.72328767 0.06017094 0.08219178
1 0.91555556 0.69041096 0.06564103 0.09315068
1 0.04478632 0.64657534 0.08957265 0.10410959
1 0.05572650 0.24657534 0.11145299 0.10958904
1 0.23726496 0.67397260 0.10940171 0.09863014
1 0.42871795 0.67945205 0.09299145 0.08767123
1 0.62564103 0.29589041 0.24068376 0.10958904
1 0.98649573 0.32328767 0.02700855 0.12602740
1 0.17709402 0.26849315 0.05470085 0.09863014
1 0.31384615 0.27397260 0.08205128 0.10410959
1 0.41230769 0.27945205 0.07111111 0.09315068
