1 0.36854701 0.61917808 0.08752137 0.09863014
1 0.21538462 0.19178082 0.06017094 0.08219178
1 0.82256410 0.65753425 0.12581197 0.18630137
1 0.95367521 0.25753425 0.09264957 0.13150685
1 0.27555556 0.96164384 0.10393162 0.07671233
1 0.16615385 0.95890411 0.06564103 0.07671233
1 0.89076923 0.66849315 0.21846154 0.17534247
1 0.48888889 0.21917808 0.18598291 0.12602740
1 0.07316239 0.18630137 0.10940171 0.12054795
1 0.76786325 0.25753425 0.22974359 0.15890411
1 0.53811966 0.64109589 0.19145299 0.15890411
