1 0.50940171 0.81369863 0.08752137 0.08767123
1 0.71179487 0.80273973 0.25162393 0.10958904
1 0.21401709 0.82465753 0.09299145 0.08767123
1 0.91965812 0.07945205 0.07111111 0.08219178
1 0.76102564 0.10136986 0.08205128 0.08767123
1 0.39452991 0.81369863 0.06017094 0.07671233
1 0.07179487 0.84109589 0.07658120 0.07123288
1 0.30700855 0.11780822 0.15863248 0.10958904
1 0.01264957 0.14520548 0.02529915 0.05479452
1 0.12102564 0.12328767 0.10940171 0.12054795
1 0.60786325 0.10136986 0.13675214 0.13698630
1 0.93521368 0.77534247 0.12957265 0.10958904
