1 0.19692308 0.10136986 0.31726496 0.08219178
1 0.03829060 0.89041096 0.06564103 0.09315068
1 0.31179487 0.46849315 0.07111111 0.06575342
1 0.51965812 0.10136986 0.17504274 0.09863014
1 0.50324786 0.47397260 0.08752137 0.08767123
1 0.71658120 0.48493151 0.20239316 0.09315068
1 0.85829060 0.10684932 0.28341880 0.12054795
1 0.17504274 0.47945205 0.10393162 0.08219178
1 0.24615385 0.87397260 0.14769231 0.10958904
1 0.83145299 0.87945205 0.12034188 0.12054795
1 0.98136752 0.87945205 0.03726496 0.10958904
1 0.93538462 0.47945205 0.12581197 0.12054795
