1 0.234018 0.394872 0.130137 0.188034
1 0.083333 0.432479 0.162100 0.191453
1 0.382420 0.349573 0.157534 0.121368
1 0.158676 0.098291 0.312785 0.186325
1 0.470320 0.049573 0.315068 0.095726
1 0.642694 0.280342 0.226027 0.211966
1 0.877854 0.218803 0.244292 0.229060
1 0.944064 0.491453 0.111872 0.165812
1 0.216895 0.699145 0.287671 0.170940
1 0.510274 0.638462 0.267123 0.200000
1 0.737443 0.552137 0.164384 0.133333
1 0.348174 0.947863 0.331050 0.100855
1 0.680365 0.893162 0.292237 0.176068
1 0.904110 0.822222 0.191781 0.157265
