0 0.77350498 0.09475068 0.04273843 0.05707748
0 0.51025471 0.75799408 0.10427646 0.13698455
0 0.04871696 0.95091200 0.09743393 0.09817600
0 0.23247590 0.42123134 0.06837869 0.08447299
0 0.21709314 0.75228493 0.06153802 0.07077523
0 0.03419017 0.02739682 0.06838034 0.05479364
0 0.34871828 0.76826214 0.08546987 0.11187551
0 0.25812316 0.85730805 0.02734868 0.04337973
0 0.46324524 0.98287693 0.04786369 0.03424614
0 0.19401551 0.05137096 0.08376145 0.10273666
0 0.31452893 0.04680504 0.05128052 0.05707748
