1 0.71111111 0.63013699 0.05470085 0.07123288
1 0.91897436 0.96986301 0.07111111 0.06027397
1 0.15863248 0.22465753 0.08752137 0.11506849
1 0.03282051 0.90958904 0.06017094 0.09315068
1 0.07111111 0.59178082 0.10393162 0.09863014
1 0.56888889 0.61917808 0.08205128 0.11506849
1 0.73846154 0.26849315 0.11487179 0.09863014
1 0.20239316 0.91506849 0.09299145 0.10410959
1 0.66188034 0.96164384 0.07111111 0.07671233
1 0.95179487 0.65205479 0.08752137 0.10958904
1 0.48683761 0.94794521 0.14222222 0.10410959
1 0.46495726 0.61917808 0.06017094 0.06027397
