1 0.76136752 0.95616438 0.07658120 0.07671233
1 0.55350427 0.96712329 0.07658120 0.06575342
1 0.54256410 0.61643836 0.09299145 0.07123288
1 0.34564103 0.62739726 0.12581197 0.07671233
1 0.96957265 0.95068493 0.06085470 0.07671233
1 0.53162393 0.26575342 0.08752137 0.09315068
1 0.90358974 0.26575342 0.10940171 0.09863014
1 0.95863248 0.60000000 0.08273504 0.12054795
0 0.05025641 0.51232877 0.04923077 0.07123288
1 0.06666667 0.29315068 0.07111111 0.08767123
1 0.18700855 0.28767123 0.10393162 0.07123288
1 0.31829060 0.28767123 0.06017094 0.08767123
1 0.38940171 0.27671233 0.03829060 0.08219178
1 0.75042735 0.26575342 0.07658120 0.08219178
1 0.10495726 0.64383562 0.12034188 0.08219178
1 0.22529915 0.63287671 0.09846154 0.07671233
0 0.02102564 0.80821918 0.04205128 0.06575342
0 0.09948718 0.92876712 0.07111111 0.06027397
1 0.30188034 0.97671233 0.06564103 0.04657534
1 0.69572650 0.60000000 0.06017094 0.08767123
0 0.90905983 0.82465753 0.05470085 0.08219178
