0 0.447863 0.152968 0.071795 0.082192
1 0.447863 0.157534 0.071795 0.082192
0 0.081197 0.366438 0.121368 0.143836
1 0.847009 0.574201 0.066667 0.098174
1 0.634188 0.579909 0.054701 0.054795
1 0.737607 0.585616 0.059829 0.070776
1 0.710256 0.256849 0.042735 0.061644
0 0.113675 0.611872 0.097436 0.082192
1 0.755556 0.920091 0.153846 0.118721
0 0.174359 0.520548 0.099145 0.109589
1 0.852137 0.255708 0.097436 0.109589
0 0.365812 0.388128 0.071795 0.109589
1 0.322222 0.611872 0.059829 0.054795
1 0.430769 0.562785 0.054701 0.061644
1 0.551282 0.574201 0.042735 0.061644
1 0.048718 0.947489 0.049573 0.086758
1 0.185470 0.924658 0.087179 0.082192
1 0.338462 0.924658 0.136752 0.077626
1 0.447863 0.913242 0.044444 0.082192
1 0.535897 0.914384 0.076923 0.070776
1 0.562393 0.257991 0.058120 0.082192
