1 0.97179487 0.46849315 0.05641026 0.09315068
1 0.03829060 0.46849315 0.07111111 0.13698630
1 0.59623932 0.91643836 0.68923077 0.16712329
1 0.03829060 0.07397260 0.06564103 0.10410959
1 0.98136752 0.91780822 0.03726496 0.12602740
1 0.77675214 0.47945205 0.22974359 0.13150685
1 0.05470085 0.89041096 0.10940171 0.13150685
1 0.52512821 0.47397260 0.13128205 0.13698630
1 0.83692308 0.08493151 0.09846154 0.10958904
1 0.41572650 0.07397260 0.53606838 0.14794521
1 0.96769231 0.08493151 0.06461538 0.13150685
1 0.26256410 0.47397260 0.32820513 0.13698630
