1 0.30632479 0.59178082 0.09299145 0.09863014
1 0.83692308 0.61369863 0.08752137 0.09863014
1 0.96769231 0.61917808 0.06461538 0.09863014
1 0.82051282 0.21369863 0.19145299 0.13698630
1 0.08752137 0.88767123 0.16957265 0.13150685
1 0.27897436 0.16986301 0.20786325 0.13698630
1 0.06564103 0.15342466 0.12034188 0.13150685
1 0.48136752 0.17534247 0.11487179 0.12602740
1 0.12034188 0.55890411 0.21880342 0.10410959
1 0.98136752 0.23561644 0.03726496 0.12602740
1 0.52512821 0.59726027 0.18598291 0.13698630
1 0.51965812 0.93150685 0.30632479 0.12602740
1 0.29538462 0.93698630 0.09299145 0.10410959
1 0.76034188 0.93698630 0.07111111 0.10410959
