1 0.39897436 0.18082192 0.07111111 0.10410959
1 0.96205128 0.94794521 0.07589744 0.09315068
1 0.95794872 0.20273973 0.08410256 0.08219178
1 0.07623932 0.94246575 0.08205128 0.09863014
1 0.31692308 0.56438356 0.08205128 0.10958904
1 0.64512821 0.58630137 0.07111111 0.11506849
1 0.27316239 0.19178082 0.06564103 0.08219178
1 0.77641026 0.20821918 0.08752137 0.08219178
1 0.01350427 0.18082192 0.02700855 0.14794521
1 0.86222222 0.56986301 0.27555556 0.17534247
1 0.09811966 0.17534247 0.08205128 0.13698630
1 0.51384615 0.18082192 0.13128205 0.13698630
1 0.48102564 0.55890411 0.13128205 0.15342466
1 0.11880342 0.55890411 0.23760684 0.14794521
1 0.56307692 0.92054795 0.28444444 0.15890411
