1 0.676068 0.962329 0.124786 0.075342
1 0.528205 0.968037 0.126496 0.059361
1 0.676068 0.656393 0.094017 0.121005
1 0.052991 0.311644 0.082051 0.098174
1 0.293162 0.311644 0.152137 0.102740
1 0.441026 0.311644 0.119658 0.070776
1 0.599145 0.316210 0.121368 0.093607
1 0.807692 0.311644 0.104274 0.121005
1 0.189744 0.639269 0.376068 0.136986
1 0.084615 0.023973 0.165812 0.043379
1 0.217094 0.961187 0.218803 0.077626
1 0.485470 0.662100 0.136752 0.127854
1 0.911966 0.656393 0.176068 0.130137
1 0.796581 0.972603 0.071795 0.050228
1 0.905983 0.968037 0.116239 0.063927
