0 0.051282 0.765982 0.082051 0.093607
1 0.675214 0.738584 0.071795 0.066210
1 0.155556 0.404110 0.064957 0.077626
1 0.477778 0.754566 0.049573 0.061644
0 0.576923 0.750000 0.059829 0.093607
1 0.948718 0.422374 0.102564 0.105023
1 0.855556 0.744292 0.169231 0.082192
1 0.658974 0.081050 0.121368 0.093607
1 0.924786 0.092466 0.150427 0.066210
1 0.216239 0.075342 0.076923 0.059361
1 0.358120 0.748858 0.070085 0.059361
1 0.619658 0.426941 0.268376 0.086758
1 0.828205 0.428082 0.059829 0.075342
1 0.511111 0.086758 0.054701 0.077626
1 0.256410 0.421233 0.051282 0.043379
1 0.321368 0.426941 0.047863 0.045662
1 0.777778 0.101598 0.047863 0.047945
