1 0.79282051 0.46027397 0.06017094 0.08219178
1 0.11452991 0.10410959 0.04376068 0.08767123
1 0.03264957 0.48767123 0.06529915 0.07123288
1 0.24034188 0.09863014 0.04923077 0.08767123
1 0.24581197 0.78356164 0.06017094 0.08767123
1 0.89367521 0.08767123 0.21264957 0.12054795
1 0.03264957 0.81643836 0.06529915 0.06575342
1 0.76000000 0.81643836 0.07111111 0.10410959
1 0.49743590 0.81095890 0.06017094 0.09315068
1 0.22393162 0.47671233 0.06564103 0.07671233
1 0.53025641 0.45479452 0.14222222 0.07123288
1 0.55213675 0.10410959 0.27897436 0.10958904
1 0.34974359 0.12054795 0.07111111 0.07671233
1 0.91316239 0.47123288 0.09846154 0.10410959
1 0.34427350 0.46575342 0.07658120 0.07671233
1 0.37709402 0.80547945 0.08752137 0.10958904
1 0.62871795 0.82191781 0.09846154 0.11506849
