1 0.423077 0.022831 0.124786 0.041096
1 0.237607 0.678082 0.311111 0.118721
1 0.784615 0.327626 0.109402 0.102740
1 0.100000 0.021689 0.114530 0.038813
1 0.647863 0.672374 0.235897 0.102740
1 0.215385 0.339041 0.109402 0.130137
1 0.450427 0.339041 0.087179 0.125571
1 0.641880 0.327626 0.104274 0.125571
1 0.060684 0.333333 0.117949 0.136986
1 0.913675 0.670091 0.135043 0.075342
1 0.324786 0.343607 0.064957 0.093607
1 0.806838 0.673516 0.047863 0.068493
1 0.037607 0.699772 0.071795 0.093607
1 0.871795 0.027397 0.075214 0.050228
1 0.452991 0.687215 0.044444 0.054795
