1 0.78769231 0.79178082 0.39384615 0.13150685
1 0.46495726 0.77534247 0.18598291 0.14246575
1 0.72752137 0.11232877 0.31726496 0.13698630
1 0.95948718 0.12876712 0.08102564 0.13698630
1 0.50324786 0.43561644 0.17504274 0.15342466
1 0.13675214 0.07945205 0.25709402 0.14794521
1 0.41572650 0.09589041 0.21880342 0.17534247
1 0.16957265 0.76986301 0.33914530 0.15890411
1 0.19145299 0.41917808 0.37743590 0.13698630
1 0.91709402 0.46849315 0.16581197 0.15342466
1 0.65094017 0.44657534 0.09299145 0.15342466
