0 0.01880369 0.02397195 0.03760738 0.04794389
0 0.01965965 0.06735430 0.03931930 0.05251156
0 0.02563796 0.16894773 0.03418935 0.05479101
0 0.17350706 0.07990882 0.09743579 0.10958904
0 0.62136440 0.02625666 0.09743579 0.05251332
0 0.09059982 0.60159474 0.07179553 0.09360482
0 0.15811731 0.61415627 0.04273843 0.07762762
0 0.38290719 0.48630356 0.06153802 0.06392986
0 0.29914574 0.07419967 0.09572737 0.09817074
0 0.38888665 0.63241995 0.05641277 0.06849578
0 0.60512744 0.57305600 0.07521236 0.11415496
0 0.62136440 0.45319890 0.06324644 0.08903890
0 0.65726217 0.14954082 0.06324644 0.09360482
0 0.60341902 0.12556800 0.04786369 0.06849578
0 0.83931361 0.02397370 0.07179553 0.04794740
0 0.79401956 0.44178060 0.08034462 0.09817074
0 0.71966140 0.54794696 0.03418935 0.03652734
0 0.72905770 0.69064066 0.05641277 0.05251156
0 0.78547047 0.59931529 0.06324644 0.08903890
0 0.78205363 0.59474937 0.06324644 0.08903890
0 0.93504098 0.54680373 0.05812119 0.08903890
0 0.86153704 0.57762893 0.02393184 0.03196142
0 0.88974693 0.48630356 0.03248093 0.04109326
0 0.98632150 0.62785403 0.02734868 0.03652734
0 0.98632533 0.43950115 0.02734933 0.10273666
0 0.77521296 0.16323858 0.08376145 0.09360482
0 0.84786270 0.21803660 0.07862920 0.10273666
0 0.51025428 0.14840460 0.05982961 0.07306170
