1 0.03162393 0.06301370 0.06324786 0.12602740
1 0.27111111 0.11232877 0.06564103 0.07671233
1 0.02341880 0.41369863 0.04683761 0.08219178
1 0.82358974 0.61095890 0.09299145 0.10410959
1 0.91658120 0.60547945 0.07658120 0.10410959
1 0.91589744 0.95342466 0.16820513 0.09315068
1 0.20547009 0.80821918 0.11487179 0.13698630
1 0.55008547 0.18904110 0.11487179 0.12054795
1 0.33128205 0.48493151 0.08752137 0.10958904
1 0.61572650 0.89589041 0.25709402 0.15342466
1 0.45709402 0.49589041 0.06017094 0.07123288
