1 0.63965812 0.85753425 0.06564103 0.07123288
1 0.82564103 0.84657534 0.07658120 0.09315068
1 0.19111111 0.09589041 0.08205128 0.09863014
1 0.94051282 0.85753425 0.09846154 0.10958904
1 0.32239316 0.08493151 0.09846154 0.13698630
1 0.57948718 0.09041096 0.09846154 0.12602740
1 0.27863248 0.86849315 0.35008547 0.10958904
1 0.45367521 0.09041096 0.10940171 0.13698630
1 0.05863248 0.11232877 0.11726496 0.10410959
1 0.02991453 0.88493151 0.05982906 0.12054795
1 0.85846154 0.07397260 0.18598291 0.14794521
