1 0.090598 0.125571 0.054701 0.077626
1 0.319658 0.842466 0.109402 0.086758
1 0.016239 0.114155 0.029060 0.077626
1 0.917094 0.820776 0.049573 0.061644
1 0.041026 0.470320 0.054701 0.063927
1 0.112821 0.458904 0.044444 0.063927
1 0.330769 0.464612 0.059829 0.070776
1 0.588889 0.816210 0.148718 0.098174
1 0.025641 0.836758 0.047863 0.075342
1 0.708547 0.803653 0.066667 0.082192
1 0.140171 0.836758 0.071795 0.089041
1 0.211111 0.114155 0.097436 0.114155
0 0.763248 0.180365 0.186325 0.242009
1 0.321368 0.126712 0.054701 0.089041
1 0.400855 0.114155 0.052991 0.073059
1 0.489744 0.125571 0.090598 0.073059
1 0.794017 0.821918 0.052991 0.073059
