1 0.13641026 0.33698630 0.09299145 0.13698630
1 0.83111111 0.05753425 0.07111111 0.09863014
1 0.69982906 0.74246575 0.08752137 0.08219178
1 0.31145299 0.69315068 0.15316239 0.10410959
1 0.12000000 0.97808219 0.19145299 0.04383562
1 0.54119658 0.04520548 0.09846154 0.09041096
1 0.76000000 0.39178082 0.12581197 0.11506849
1 0.31145299 0.03150685 0.08752137 0.06301370
1 0.15282051 0.67671233 0.09846154 0.11506849
1 0.69435897 0.04794521 0.10393162 0.09589041
1 0.49196581 0.37534247 0.19145299 0.12054795
1 0.93504274 0.06849315 0.07658120 0.06027397
1 0.90222222 0.39726027 0.08205128 0.09863014
1 0.92410256 0.75890411 0.08205128 0.10958904
1 0.29504274 0.36986301 0.08205128 0.12054795
