1 0.37299145 0.42739726 0.07658120 0.11506849
0 0.64102564 0.81095890 0.17504274 0.17534247
0 0.18700855 0.37260274 0.06564103 0.09315068
1 0.51521368 0.47123288 0.09299145 0.08767123
0 0.66837607 0.48219178 0.06017094 0.06575342
0 0.50974359 0.47671233 0.09299145 0.10958904
0 0.66290598 0.34520548 0.04923077 0.05479452
1 0.90358974 0.83835616 0.06017094 0.06575342
0 0.07299145 0.46027397 0.14598291 0.27397260
1 0.92000000 0.10958904 0.06564103 0.09315068
0 0.23076923 0.80000000 0.04923077 0.06575342
1 0.24717949 0.06301370 0.15863248 0.12602740
1 0.05384615 0.07671233 0.10769231 0.14794521
1 0.56991453 0.09863014 0.09846154 0.09315068
