1 0.03829060 0.57260274 0.07658120 0.08219178
1 0.32273504 0.98082192 0.16957265 0.03835616
1 0.82598291 0.27671233 0.15863248 0.13150685
1 0.30085470 0.60547945 0.07658120 0.07671233
1 0.04376068 0.97534247 0.08205128 0.04931507
1 0.98410256 0.29863014 0.03179487 0.12602740
1 0.15863248 0.97671233 0.08205128 0.04657534
1 0.98820513 0.68219178 0.02358974 0.09863014
1 0.20786325 0.22191781 0.06017094 0.07671233
1 0.59623932 0.99589041 0.22427350 0.00821918
1 0.15316239 0.58904110 0.16410256 0.10958904
1 0.06564103 0.21643836 0.12034188 0.12602740
1 0.47042735 0.62191781 0.21333333 0.12054795
1 0.54700855 0.25479452 0.41025641 0.12054795
