1 0.328205 0.058219 0.229060 0.111872
1 0.547009 0.390411 0.208547 0.136986
1 0.273504 0.785388 0.092308 0.132420
1 0.791453 0.768265 0.413675 0.148402
1 0.125641 0.768265 0.104274 0.121005
1 0.535897 0.036530 0.114530 0.068493
1 0.711111 0.052511 0.191453 0.100457
1 0.924786 0.031963 0.119658 0.059361
1 0.030769 0.779680 0.058120 0.125571
1 0.464957 0.768265 0.191453 0.143836
1 0.295726 0.394977 0.211966 0.136986
1 0.068376 0.407534 0.133333 0.152968
1 0.052991 0.049087 0.102564 0.093607
1 0.905983 0.390411 0.188034 0.127854
