1 0.04615385 0.47945205 0.09230769 0.08767123
1 0.18256410 0.50136986 0.08205128 0.11506849
1 0.93743590 0.84109589 0.06564103 0.09315068
1 0.48341880 0.83561644 0.22974359 0.15342466
1 0.81162393 0.18356164 0.09299145 0.09863014
1 0.16512821 0.83013699 0.33025641 0.13698630
1 0.32478632 0.48493151 0.06017094 0.12602740
1 0.45606838 0.49041096 0.11487179 0.13150685
1 0.69128205 0.84109589 0.06017094 0.09863014
1 0.64205128 0.50684932 0.07658120 0.07671233
1 0.72410256 0.51232877 0.05470085 0.08767123
1 0.82803419 0.85205479 0.08205128 0.10958904
