1 0.68888889 0.43287671 0.13675214 0.18630137
1 0.94564103 0.43287671 0.10871795 0.18630137
1 0.53025641 0.44383562 0.14769231 0.18630137
1 0.94564103 0.04520548 0.10871795 0.09041096
1 0.94153846 0.95068493 0.11692308 0.09863014
1 0.50290598 0.03835616 0.12034188 0.07671233
1 0.57948718 0.91506849 0.49230769 0.15342466
1 0.73264957 0.03561644 0.13675214 0.07123288
1 0.15282051 0.03287671 0.24068376 0.06575342
1 0.32239316 0.40547945 0.19692308 0.16986301
1 0.09145299 0.38356164 0.18290598 0.15342466
1 0.09418803 0.87123288 0.18837607 0.14794521
