1 0.43726496 0.71780822 0.26256410 0.12602740
1 0.06820513 0.32876712 0.13641026 0.13150685
1 0.55760684 0.39452055 0.07658120 0.10958904
1 0.12000000 0.03287671 0.19145299 0.06575342
1 0.94974359 0.40547945 0.10051282 0.14246575
1 0.74905983 0.07123288 0.09299145 0.08219178
1 0.36615385 0.36712329 0.14222222 0.09863014
1 0.89675214 0.08767123 0.08205128 0.10958904
1 0.79282051 0.76712329 0.22974359 0.07671233
1 0.51384615 0.06027397 0.21880342 0.11506849
1 0.71623932 0.41095890 0.19145299 0.11506849
1 0.18564103 0.69041096 0.20786325 0.11506849
