1 0.39042735 0.11506849 0.04376068 0.06575342
1 0.38495726 0.80000000 0.07111111 0.08219178
1 0.87179487 0.13698630 0.04376068 0.06027397
1 0.02700855 0.43835616 0.05401709 0.08219178
1 0.59282051 0.13698630 0.07111111 0.07671233
1 0.15521368 0.10958904 0.07111111 0.08767123
1 0.02290598 0.07671233 0.04581197 0.08219178
1 0.96871795 0.49315068 0.06256410 0.07123288
1 0.11316239 0.77808219 0.22632479 0.13698630
1 0.77333333 0.49863014 0.07111111 0.09315068
1 0.59282051 0.81095890 0.12581197 0.13150685
1 0.91675214 0.82191781 0.16649573 0.14794521
1 0.45059829 0.47671233 0.13128205 0.09863014
