1 0.64000000 0.96438356 0.13128205 0.07123288
1 0.38837607 0.95890411 0.29538462 0.08219178
1 0.03829060 0.31232877 0.07111111 0.12054795
1 0.83145299 0.03835616 0.10940171 0.07123288
1 0.57435897 0.66301370 0.18598291 0.09863014
1 0.79863248 0.36712329 0.09846154 0.10410959
1 0.77675214 0.68493151 0.13675214 0.13150685
1 0.98000000 0.70136986 0.04000000 0.09315068
1 0.67829060 0.04246575 0.11487179 0.08493151
1 0.15316239 0.01917808 0.29538462 0.03835616
1 0.37196581 0.65205479 0.20786325 0.12054795
1 0.12581197 0.94794521 0.19145299 0.09863014
1 0.42666667 0.02739726 0.22427350 0.05479452
1 0.13128205 0.64109589 0.25162393 0.13698630
1 0.56341880 0.35068493 0.21880342 0.14794521
1 0.19692308 0.31232877 0.22974359 0.13698630
1 0.89162393 0.36712329 0.06564103 0.08767123
