1 0.98615385 0.13972603 0.02769231 0.09863014
1 0.15726496 0.45205479 0.12581197 0.12054795
1 0.96974359 0.81369863 0.06051282 0.13150685
1 0.88478632 0.12328767 0.09299145 0.12054795
1 0.29948718 0.10684932 0.21880342 0.10958904
1 0.39794872 0.80273973 0.38290598 0.13698630
1 0.94923077 0.47945205 0.10153846 0.10410959
1 0.07179487 0.09041096 0.14358974 0.14246575
1 0.64957265 0.11780822 0.30085470 0.12054795
1 0.67692308 0.47945205 0.31726496 0.12602740
1 0.83008547 0.81369863 0.16410256 0.10958904
1 0.27760684 0.46301370 0.06564103 0.12054795
