0 0.01709549 0.50913315 0.03419099 0.13698455
0 0.18119538 0.39497819 0.08205303 0.09132537
0 0.20171039 0.32991211 0.04786369 0.04794564
0 0.38547025 0.39612142 0.06666328 0.05707748
0 0.29658355 0.29908690 0.04615527 0.04565918
0 0.08461380 0.04908362 0.02905709 0.04337973
0 0.48803129 0.04452033 0.07008711 0.08904066
0 0.59401616 0.03652910 0.04273843 0.05479101
0 0.41367314 0.02511079 0.03077251 0.04109326
0 0.38803288 0.04908362 0.02734868 0.02968197
0 0.87264919 0.44748975 0.05982961 0.07306170
