1 0.82700855 0.04520548 0.07111111 0.09041096
1 0.63555556 0.03561644 0.23521368 0.07123288
1 0.71213675 0.35616438 0.13128205 0.12054795
1 0.53162393 0.36164384 0.15316239 0.09315068
1 0.90940171 0.36712329 0.18119658 0.12054795
1 0.15965812 0.03561644 0.12581197 0.07123288
1 0.07299145 0.33424658 0.14598291 0.13698630
1 0.07709402 0.66301370 0.15418803 0.08767123
1 0.23076923 0.66849315 0.06017094 0.09863014
1 0.22529915 0.37260274 0.06017094 0.09863014
1 0.32376068 0.36712329 0.05470085 0.08219178
1 0.11589744 0.96986301 0.15863248 0.06027397
1 0.38940171 0.67397260 0.16410256 0.07123288
1 0.90393162 0.70136986 0.19213675 0.07123288
1 0.64649573 0.69041096 0.04923077 0.05479452
1 0.44410256 0.02876712 0.09846154 0.05753425
