1 0.63316239 0.10410959 0.05470085 0.05479452
1 0.23384615 0.49863014 0.05470085 0.06575342
1 0.01982906 0.12602740 0.03965812 0.06575342
1 0.49094017 0.49315068 0.19145299 0.08219178
1 0.38153846 0.49863014 0.09846154 0.10410959
1 0.52376068 0.84383562 0.08752137 0.06575342
1 0.85196581 0.46575342 0.06564103 0.08219178
1 0.01982906 0.50958904 0.03965812 0.09863014
1 0.16820513 0.87671233 0.10940171 0.09863014
1 0.91760684 0.82739726 0.07111111 0.08767123
1 0.69880342 0.83835616 0.08205128 0.09863014
1 0.17914530 0.13150685 0.09846154 0.13150685
