1 0.04376068 0.54520548 0.06564103 0.07123288
1 0.55794872 0.30958904 0.07111111 0.09863014
1 0.66735043 0.67671233 0.07111111 0.08219178
1 0.16957265 0.57808219 0.06564103 0.08219178
1 0.19692308 0.96027397 0.08752137 0.07945205
1 0.36649573 0.63835616 0.06564103 0.08219178
1 0.68923077 0.35342466 0.10393162 0.12054795
1 0.88615385 0.39726027 0.07111111 0.09315068
1 0.71658120 0.00684932 0.07111111 0.01369863
1 0.43760684 0.29315068 0.07111111 0.09863014
1 0.47589744 0.66027397 0.08205128 0.10958904
