1 0.33470085 0.32328767 0.12034188 0.08767123
1 0.53709402 0.69041096 0.08752137 0.10958904
1 0.73948718 0.67945205 0.07111111 0.09315068
1 0.64102564 0.67945205 0.07658120 0.10958904
1 0.57538462 0.32328767 0.07658120 0.07671233
1 0.94735043 0.66849315 0.07111111 0.09863014
1 0.04427350 0.70136986 0.08854701 0.07123288
1 0.34017094 0.67945205 0.16957265 0.12054795
1 0.19794872 0.32876712 0.13675214 0.07671233
0 0.07213675 0.23561644 0.03282051 0.11506849
1 0.75042735 0.31780822 0.14769231 0.08219178
