1 0.93282051 0.98219178 0.13435897 0.03561644
1 0.73709402 0.97260274 0.20786325 0.05479452
1 0.05538462 0.55616438 0.11076923 0.13698630
1 0.43623932 0.96575342 0.13675214 0.06849315
1 0.26666667 0.17260274 0.10940171 0.13150685
1 0.61128205 0.61095890 0.30632479 0.22465753
1 0.83008547 0.20000000 0.20786325 0.15890411
1 0.42529915 0.17808219 0.15316239 0.15342466
1 0.62222222 0.17808219 0.14769231 0.16438356
1 0.95059829 0.61643836 0.09880342 0.15342466
1 0.26666667 0.58356164 0.13128205 0.16438356
1 0.16273504 0.96027397 0.14769231 0.07945205
1 0.01982906 0.93972603 0.03965812 0.12054795
1 0.05128205 0.15068493 0.10256410 0.15890411
