1 0.15299205 0.99771792 0.19657999 0.00456416
1 0.02820699 0.27854115 0.05641398 0.11415496
1 0.27606810 0.36415737 0.07008711 0.10273666
1 0.45641113 0.39269611 0.18119724 0.13698455
1 0.58034139 0.43150992 0.07008711 0.10502312
1 0.83247995 0.49885545 0.21538658 0.14840285
1 0.99316250 0.57306038 0.01367499 0.10045721
1 0.01709528 0.64954477 0.03419055 0.09360482
1 0.13590088 0.69178126 0.17264815 0.11872088
1 0.33675192 0.74543605 0.14700789 0.10730258
1 0.85555758 0.88356384 0.06324644 0.11415496
1 0.33077246 0.03424745 0.13162514 0.06849490
1 0.60341902 0.06506915 0.13333355 0.13013830
1 0.77008771 0.12557238 0.08034462 0.14611638
1 0.45384851 0.03653041 0.05298894 0.07306082
1 0.52991508 0.78767255 0.14700789 0.12785271
