1 0.93743590 0.13150685 0.06017094 0.07123288
1 0.77880342 0.80547945 0.07111111 0.08767123
1 0.80068376 0.14246575 0.05470085 0.08219178
1 0.34666667 0.42739726 0.08752137 0.09863014
1 0.71316239 0.46575342 0.06017094 0.09315068
1 0.82256410 0.47671233 0.06564103 0.09315068
1 0.41230769 0.09863014 0.11487179 0.12054795
1 0.03521368 0.40000000 0.07042735 0.10958904
1 0.98786325 0.49315068 0.02427350 0.07671233
1 0.42871795 0.75616438 0.06017094 0.06027397
1 0.53811966 0.77808219 0.04376068 0.07123288
