0 0.90803419 0.30136986 0.09846154 0.12602740
0 0.45948718 0.92191781 0.09299145 0.15616438
0 0.41025641 0.42739726 0.05470085 0.06575342
0 0.71658120 0.58082192 0.09846154 0.10958904
1 0.56888889 0.87123288 0.10393162 0.08219178
0 0.22427350 0.13698630 0.05470085 0.06575342
0 0.26256410 0.38356164 0.06564103 0.06575342
0 0.10393162 0.67945205 0.06564103 0.08219178
0 0.03829060 0.04520548 0.06564103 0.09041096
0 0.18051282 0.91506849 0.16957265 0.16986301
0 0.14222222 0.23561644 0.10940171 0.15342466
1 0.81504274 0.19726027 0.04923077 0.07123288
