1 0.63452991 0.75068493 0.06564103 0.06575342
1 0.93623932 0.01643836 0.12752137 0.03287671
1 0.03829060 0.80547945 0.06564103 0.08219178
1 0.71111111 0.36712329 0.07111111 0.07123288
1 0.53059829 0.75068493 0.09846154 0.08767123
1 0.76034188 0.73972603 0.12034188 0.08219178
1 0.85333333 0.36712329 0.11487179 0.09315068
1 0.57435897 0.04246575 0.10393162 0.08493151
1 0.76581197 0.03835616 0.13128205 0.07671233
1 0.33914530 0.05890411 0.12581197 0.11780822
1 0.56341880 0.38904110 0.12581197 0.13150685
