1 0.16410256 0.95890411 0.09846154 0.08219178
1 0.01641026 0.27945205 0.03282051 0.08767123
1 0.03282051 0.90958904 0.06564103 0.07671233
1 0.26803419 0.27945205 0.07658120 0.07123288
1 0.31179487 0.95342466 0.28444444 0.08219178
1 0.61811966 0.63013699 0.06564103 0.08767123
1 0.64547009 0.27945205 0.08205128 0.07123288
1 0.92444444 0.65205479 0.08205128 0.09315068
1 0.42119658 0.29041096 0.15316239 0.10958904
1 0.71111111 0.63013699 0.07111111 0.08767123
1 0.83145299 0.95342466 0.12581197 0.09315068
1 0.83145299 0.64657534 0.08205128 0.10410959
1 0.12034188 0.28493151 0.09299145 0.12054795
1 0.61811966 0.94794521 0.18051282 0.09863014
