0 0.01795041 0.45434038 0.03590083 0.05936395
0 0.38033942 0.71118904 0.11795080 0.15296877
0 0.41966102 0.57990663 0.08034462 0.13698455
0 0.53504219 0.96575342 0.04102302 0.06849315
0 0.01281991 0.02739551 0.02563982 0.05022510
0 0.41111193 0.27625556 0.10427646 0.10958904
0 0.24444324 0.60844537 0.03077251 0.04337973
0 0.92734797 0.51369732 0.07350395 0.11872088
0 0.61538680 0.60730915 0.03077251 0.05022510
0 0.66922995 0.59817030 0.05982961 0.07306170
0 0.04786325 0.50685195 0.03418935 0.04565918
