1 0.69128205 0.60000000 0.33367521 0.09315068
1 0.41230769 0.96301370 0.09846154 0.07397260
1 0.76239316 0.20000000 0.08752137 0.09863014
1 0.89367521 0.17808219 0.10940171 0.14246575
1 0.90461538 0.94520548 0.10940171 0.10958904
1 0.14427350 0.95890411 0.13128205 0.08219178
1 0.60923077 0.95890411 0.19145299 0.08219178
1 0.95914530 0.58904110 0.08170940 0.12054795
1 0.74598291 0.95342466 0.08752137 0.09315068
1 0.13333333 0.63287671 0.07658120 0.14794521
1 0.30837607 0.62191781 0.06017094 0.08767123
1 0.41777778 0.61095890 0.06564103 0.12054795
1 0.37401709 0.20547945 0.06017094 0.10958904
1 0.52717949 0.21095890 0.10393162 0.09315068
1 0.14427350 0.22739726 0.07658120 0.09315068
