1 0.91965812 0.36712329 0.15863248 0.15342466
1 0.48205128 0.97808219 0.07658120 0.04383562
1 0.06085470 0.88767123 0.09299145 0.10410959
1 0.32341880 0.56986301 0.10940171 0.10410959
1 0.01675214 0.08219178 0.03350427 0.10410959
1 0.77196581 0.69041096 0.14222222 0.12602740
1 0.89692308 0.01643836 0.20615385 0.03287671
1 0.17572650 0.14246575 0.04376068 0.10958904
1 0.31794872 0.18082192 0.11487179 0.09315068
1 0.76649573 0.31780822 0.15863248 0.11506849
1 0.47111111 0.60821918 0.06564103 0.09863014
1 0.54769231 0.63013699 0.06564103 0.10958904
1 0.64068376 0.65205479 0.04923077 0.10410959
1 0.59145299 0.25753425 0.08752137 0.10410959
