1 0.153846 0.768265 0.054701 0.061644
1 0.952991 0.505708 0.090598 0.093607
1 0.738462 0.155251 0.054701 0.082192
1 0.259829 0.770548 0.136752 0.075342
1 0.951282 0.839041 0.094017 0.084475
1 0.213675 0.440639 0.273504 0.086758
1 0.569231 0.143836 0.071795 0.082192
1 0.261538 0.116438 0.164103 0.086758
1 0.640171 0.484018 0.059829 0.082192
1 0.459829 0.456621 0.129915 0.082192
1 0.788034 0.494292 0.109402 0.093607
1 0.431624 0.789954 0.131624 0.077626
1 0.744444 0.823059 0.114530 0.098174
1 0.039316 0.746575 0.075214 0.109589
1 0.547863 0.802511 0.042735 0.061644
1 0.829915 0.168950 0.090598 0.082192
