1 0.62769231 0.43287671 0.10393162 0.08219178
1 0.90136752 0.46027397 0.19726496 0.11506849
1 0.44170940 0.09315068 0.28444444 0.10958904
1 0.90957265 0.13150685 0.18085470 0.09863014
1 0.74803419 0.44383562 0.07658120 0.09315068
1 0.66051282 0.10958904 0.10393162 0.10410959
1 0.75897436 0.77260274 0.33367521 0.10958904
1 0.12512821 0.38904110 0.25025641 0.10958904
1 0.41435897 0.42191781 0.24068376 0.10410959
1 0.14700855 0.06027397 0.29401709 0.10958904
1 0.43623932 0.76164384 0.13128205 0.09315068
1 0.21196581 0.75068493 0.28444444 0.12054795
1 0.77538462 0.10958904 0.08205128 0.08219178
