1 0.88273504 0.51232877 0.09846154 0.10958904
1 0.72957265 0.14520548 0.06564103 0.09315068
1 0.11692308 0.15068493 0.10393162 0.09863014
1 0.46153846 0.86301370 0.06564103 0.07671233
1 0.64205128 0.86301370 0.09299145 0.07671233
1 0.88273504 0.85205479 0.08205128 0.09863014
1 0.34119658 0.51232877 0.07658120 0.11506849
1 0.51623932 0.13424658 0.08752137 0.11506849
1 0.05128205 0.50684932 0.08205128 0.09315068
1 0.15521368 0.84657534 0.10393162 0.10958904
1 0.20991453 0.15068493 0.04376068 0.07123288
