1 0.93196581 0.16438356 0.07658120 0.13698630
1 0.41777778 0.87671233 0.06564103 0.10410959
1 0.75692308 0.87671233 0.06564103 0.09863014
1 0.73504274 0.18082192 0.07111111 0.10410959
1 0.12786325 0.87123288 0.22974359 0.13150685
1 0.82256410 0.50958904 0.09299145 0.11506849
1 0.65846154 0.52054795 0.08752137 0.09315068
1 0.58188034 0.86575342 0.16410256 0.09863014
1 0.17709402 0.17534247 0.09846154 0.13150685
1 0.16615385 0.50958904 0.23521368 0.14246575
1 0.35760684 0.16438356 0.12581197 0.12054795
1 0.46700855 0.52054795 0.16410256 0.13150685
