1 0.782051 0.848174 0.097436 0.121005
0 0.711111 0.102740 0.119658 0.114155
1 0.052991 0.085616 0.102564 0.098174
1 0.924786 0.147260 0.136752 0.102740
1 0.021368 0.437215 0.039316 0.116438
1 0.062393 0.771689 0.121368 0.109589
1 0.202564 0.799087 0.076923 0.091324
0 0.552137 0.623288 0.109402 0.155251
1 0.606838 0.803653 0.099145 0.114155
1 0.431624 0.803653 0.087179 0.082192
1 0.158974 0.415525 0.126496 0.082192
1 0.388034 0.119863 0.092308 0.093607
1 0.678632 0.486301 0.300855 0.091324
1 0.946154 0.503425 0.107692 0.121005
1 0.521368 0.124429 0.085470 0.066210
