1 0.75692308 0.04657534 0.06017094 0.08767123
1 0.14974359 0.46301370 0.09846154 0.09863014
1 0.41230769 0.07945205 0.13128205 0.09315068
1 0.09504274 0.11232877 0.10393162 0.13150685
1 0.46700855 0.41369863 0.11487179 0.10958904
1 0.83333333 0.39726027 0.33333333 0.08767123
1 0.87726496 0.05753425 0.04376068 0.07671233
1 0.20991453 0.81917808 0.05470085 0.06575342
1 0.25367521 0.45753425 0.08205128 0.09863014
1 0.36307692 0.78082192 0.05470085 0.09863014
1 0.48888889 0.79726027 0.05470085 0.08767123
1 0.58188034 0.78082192 0.07111111 0.06575342
1 0.69675214 0.75890411 0.06564103 0.07671233
1 0.77880342 0.76438356 0.03282051 0.07123288
1 0.93196581 0.74794521 0.10940171 0.07123288
