1 0.98666667 0.65753425 0.02666667 0.05479452
1 0.24581197 0.12054795 0.06017094 0.06575342
1 0.07076923 0.43835616 0.06564103 0.08219178
1 0.05982906 0.04383562 0.05470085 0.06575342
1 0.83658120 0.95890411 0.14769231 0.08219178
1 0.67247863 0.20273973 0.10393162 0.08219178
1 0.65606838 0.94246575 0.09846154 0.10958904
1 0.40991453 0.52054795 0.07658120 0.11506849
1 0.37162393 0.89315068 0.16957265 0.19726027
1 0.17470085 0.84383562 0.16957265 0.16438356
1 0.41538462 0.15890411 0.10393162 0.10958904
1 0.63418803 0.58082192 0.18598291 0.12054795
