1 0.25709402 0.85753425 0.18598291 0.08767123
1 0.06564103 0.16164384 0.13128205 0.08767123
1 0.06017094 0.84657534 0.09846154 0.08219178
1 0.18051282 0.50684932 0.07111111 0.07671233
1 0.05470085 0.50136986 0.09299145 0.09315068
1 0.32273504 0.50684932 0.08752137 0.09863014
1 0.82051282 0.86301370 0.12581197 0.10410959
1 0.64547009 0.86849315 0.20786325 0.12054795
1 0.56341880 0.53972603 0.11487179 0.13698630
1 0.30085470 0.16712329 0.33914530 0.10958904
1 0.67829060 0.20000000 0.24615385 0.12602740
1 0.90803419 0.16164384 0.15316239 0.13698630
1 0.43213675 0.52328767 0.04376068 0.07123288
