1 0.64102564 0.06027397 0.06564103 0.12054795
1 0.55350427 0.05753425 0.06564103 0.11506849
1 0.71760684 0.45479452 0.07111111 0.09315068
1 0.92991453 0.89315068 0.14017094 0.15342466
1 0.25811966 0.38356164 0.06564103 0.10410959
1 0.75042735 0.85479452 0.23521368 0.18630137
1 0.59726496 0.44931507 0.09846154 0.13698630
1 0.31829060 0.05342466 0.09299145 0.10684932
1 0.17059829 0.77808219 0.09299145 0.13698630
1 0.03880342 0.77260274 0.07760684 0.14794521
1 0.90256410 0.08767123 0.19487179 0.16438356
1 0.39487179 0.80547945 0.12581197 0.16438356
