1 0.56649573 0.01369863 0.12034188 0.02739726
1 0.41880342 0.01506849 0.06564103 0.03013699
1 0.54461538 0.38356164 0.12034188 0.10410959
1 0.05230769 0.38356164 0.07658120 0.11506849
1 0.70324786 0.39452055 0.07658120 0.10410959
1 0.84000000 0.04383562 0.09299145 0.08767123
1 0.56102564 0.73424658 0.08752137 0.12602740
1 0.23829060 0.38904110 0.08752137 0.12602740
1 0.15623932 0.72876712 0.08205128 0.12054795
1 0.96102564 0.03972603 0.07794872 0.07945205
1 0.90564103 0.74520548 0.14769231 0.12054795
1 0.91111111 0.40000000 0.15863248 0.13150685
1 0.33675214 0.37808219 0.04923077 0.08219178
