1 0.20888889 0.84109589 0.06564103 0.09315068
1 0.14871795 0.46849315 0.09846154 0.09863014
1 0.76683761 0.47397260 0.08205128 0.08767123
1 0.29094017 0.11232877 0.10393162 0.10958904
1 0.56991453 0.85753425 0.19692308 0.12602740
1 0.96273504 0.15068493 0.07452991 0.14246575
1 0.45504274 0.12328767 0.12034188 0.12054795
1 0.59726496 0.48493151 0.14769231 0.10410959
1 0.71213675 0.13972603 0.30632479 0.14246575
1 0.10495726 0.11232877 0.18051282 0.12054795
1 0.84888889 0.86849315 0.12581197 0.15342466
1 0.34564103 0.83013699 0.05470085 0.09863014
