1 0.83794872 0.21369863 0.06564103 0.10410959
1 0.95589744 0.23013699 0.08820513 0.11506849
1 0.73948718 0.87671233 0.07111111 0.09863014
1 0.13777778 0.47671233 0.08752137 0.09863014
1 0.01829060 0.47123288 0.03658120 0.10958904
1 0.53162393 0.86027397 0.28444444 0.12602740
1 0.23623932 0.15890411 0.28991453 0.10958904
1 0.71760684 0.19726027 0.09846154 0.10958904
1 0.67384615 0.53698630 0.25162393 0.12602740
1 0.91350427 0.55342466 0.17299145 0.14246575
1 0.33470085 0.50410959 0.12581197 0.12054795
1 0.02923077 0.13150685 0.05846154 0.09315068
