1 0.93299145 0.51232877 0.06564103 0.08767123
1 0.52820513 0.50684932 0.04376068 0.06575342
1 0.63213675 0.50684932 0.09846154 0.08219178
1 0.75247863 0.50136986 0.10940171 0.09315068
1 0.58290598 0.85205479 0.06564103 0.08219178
1 0.25470085 0.51232877 0.05470085 0.09863014
1 0.41880342 0.50684932 0.16957265 0.09863014
1 0.40786325 0.83561644 0.07111111 0.07671233
1 0.95418803 0.85205479 0.09162393 0.09315068
1 0.77435897 0.84657534 0.12034188 0.10410959
1 0.05213675 0.51780822 0.10427350 0.07123288
