1 0.21401709 0.51506849 0.07111111 0.09315068
1 0.88683761 0.47123288 0.06017094 0.08219178
1 0.09914530 0.88767123 0.09846154 0.09315068
1 0.30700855 0.14794521 0.07658120 0.07123288
1 0.31247863 0.49863014 0.09846154 0.10958904
1 0.01538462 0.89863014 0.03076923 0.12054795
1 0.54222222 0.12602740 0.09846154 0.10410959
1 0.91418803 0.83287671 0.09846154 0.10958904
1 0.11555556 0.52054795 0.07658120 0.09863014
1 0.24136752 0.87671233 0.08205128 0.10958904
1 0.42188034 0.84931507 0.15316239 0.12054795
