1 0.45709402 0.05753425 0.11487179 0.11506849
1 0.12735043 0.04794521 0.25470085 0.09589041
1 0.05076923 0.35068493 0.10153846 0.14246575
1 0.82905983 0.44383562 0.22427350 0.10410959
1 0.61025641 0.41643836 0.06017094 0.06027397
1 0.21094017 0.38356164 0.17504274 0.11506849
1 0.33128205 0.38904110 0.04923077 0.07123288
1 0.45709402 0.42739726 0.11487179 0.08767123
1 0.32581197 0.04794521 0.09846154 0.09589041
1 0.71965812 0.07671233 0.21880342 0.09863014
1 0.90564103 0.09315068 0.08205128 0.11506849
