1 0.16512821 0.89589041 0.08205128 0.10958904
1 0.20341880 0.15068493 0.16410256 0.15342466
1 0.77777778 0.64931507 0.08752137 0.10958904
1 0.58632479 0.22191781 0.09299145 0.14246575
1 0.72307692 0.24383562 0.11487179 0.16438356
1 0.90256410 0.33698630 0.19487179 0.16438356
1 0.40034188 0.18904110 0.18598291 0.16438356
1 0.73948718 0.97123288 0.20786325 0.05753425
1 0.63555556 0.62739726 0.14222222 0.13698630
1 0.04153846 0.08493151 0.08307692 0.14794521
1 0.07709402 0.46849315 0.15418803 0.16438356
1 0.98188034 0.72054795 0.03623932 0.12602740
1 0.53709402 0.95616438 0.10393162 0.08767123
1 0.04700855 0.84657534 0.09401709 0.14794521
