1 0.54564103 0.63835616 0.11487179 0.09315068
1 0.68239316 0.64383562 0.09846154 0.09863014
1 0.98341880 0.29315068 0.03316239 0.12054795
1 0.53470085 0.30410959 0.08752137 0.10958904
1 0.71521368 0.95753425 0.27897436 0.08493151
1 0.10803419 0.96575342 0.18598291 0.06849315
1 0.86837607 0.65479452 0.14222222 0.11506849
1 0.36512821 0.96438356 0.15316239 0.07123288
1 0.38153846 0.29315068 0.13675214 0.12054795
1 0.18461538 0.62739726 0.21333333 0.14794521
1 0.38700855 0.63287671 0.14769231 0.13150685
1 0.13538462 0.28767123 0.19692308 0.13698630
1 0.80273504 0.28767123 0.29538462 0.13698630
1 0.49641026 0.97260274 0.07111111 0.05479452
1 0.02666667 0.64383562 0.05333333 0.10410959
