1 0.41880342 0.44657534 0.05470085 0.07123288
1 0.50085470 0.44109589 0.05470085 0.07123288
1 0.57743590 0.09041096 0.07111111 0.08219178
1 0.88376068 0.41917808 0.07658120 0.08767123
1 0.62119658 0.43013699 0.07111111 0.07123288
1 0.98153846 0.77534247 0.03692308 0.08219178
1 0.70871795 0.79726027 0.04376068 0.08219178
1 0.77982906 0.78630137 0.07111111 0.09315068
1 0.88376068 0.76986301 0.07111111 0.09863014
1 0.71418803 0.42465753 0.07111111 0.07671233
1 0.45162393 0.09589041 0.09846154 0.08767123
1 0.42427350 0.80821918 0.13675214 0.08219178
0 0.05777778 0.15616438 0.03282051 0.05479452
1 0.55555556 0.80273973 0.08205128 0.07123288
1 0.63760684 0.79726027 0.04376068 0.05479452
1 0.69230769 0.07945205 0.04923077 0.07123288
1 0.79623932 0.07397260 0.06564103 0.06575342
