1 0.38598291 0.90410959 0.13128205 0.17534247
1 0.57743590 0.47671233 0.09299145 0.11506849
1 0.11777778 0.06438356 0.23555556 0.12876712
1 0.25470085 0.89315068 0.10940171 0.15890411
1 0.33675214 0.08767123 0.07111111 0.11506849
1 0.46803419 0.06575342 0.13128205 0.13150685
1 0.62666667 0.07671233 0.07658120 0.09863014
1 0.09059829 0.45479452 0.09299145 0.13698630
1 0.94871795 0.10410959 0.10256410 0.12602740
1 0.63213675 0.90958904 0.22427350 0.18082192
1 0.02752137 0.87123288 0.05504274 0.16438356
1 0.33128205 0.47671233 0.28444444 0.14794521
1 0.77435897 0.08767123 0.15863248 0.13698630
1 0.73606838 0.49863014 0.16410256 0.15890411
1 0.87623932 0.93013699 0.24752137 0.13972603
1 0.96376068 0.53150685 0.07247863 0.14246575
