1 0.98649573 0.46575342 0.02700855 0.06575342
1 0.14427350 0.53150685 0.07111111 0.07671233
1 0.97692308 0.09863014 0.04615385 0.08767123
1 0.20444444 0.16986301 0.07111111 0.09863014
1 0.25367521 0.50410959 0.07658120 0.08219178
1 0.03384615 0.90410959 0.06769231 0.08767123
1 0.43418803 0.14246575 0.10393162 0.12054795
1 0.28649573 0.87123288 0.31726496 0.09315068
1 0.69128205 0.13698630 0.04923077 0.07123288
1 0.61470085 0.85479452 0.06564103 0.07123288
1 0.75145299 0.85479452 0.08752137 0.07123288
1 0.87179487 0.82739726 0.05470085 0.06575342
