1 0.69333333 0.14520548 0.06017094 0.09863014
1 0.14632479 0.11780822 0.07111111 0.10410959
1 0.36512821 0.83561644 0.09299145 0.09863014
1 0.98478632 0.51780822 0.03042735 0.07123288
1 0.67145299 0.48493151 0.09299145 0.09315068
1 0.61675214 0.83561644 0.06564103 0.09863014
1 0.85196581 0.16164384 0.05470085 0.09315068
1 0.02529915 0.09589041 0.05059829 0.09863014
1 0.08068376 0.44109589 0.07658120 0.09315068
1 0.87931624 0.49589041 0.12034188 0.10958904
1 0.34871795 0.46301370 0.08752137 0.13150685
