1 0.081197 0.517123 0.158974 0.093607
1 0.536752 0.571918 0.109402 0.093607
1 0.965812 0.598174 0.068376 0.159817
1 0.036752 0.194064 0.070085 0.077626
1 0.865812 0.593607 0.124786 0.155251
1 0.176068 0.867580 0.064957 0.091324
1 0.454701 0.237443 0.054701 0.086758
1 0.976068 0.922374 0.047863 0.136986
1 0.690598 0.582192 0.181197 0.118721
1 0.641026 0.904110 0.509402 0.191781
1 0.241880 0.550228 0.094017 0.082192
1 0.553846 0.243151 0.071795 0.102740
1 0.296581 0.867580 0.124786 0.105023
1 0.335043 0.215753 0.102564 0.093607
1 0.400855 0.554795 0.087179 0.086758
1 0.756410 0.254566 0.131624 0.121005
1 0.946154 0.280822 0.107692 0.187215
1 0.023932 0.843607 0.044444 0.066210
1 0.129060 0.199772 0.076923 0.075342
