1 0.969231 0.089041 0.061538 0.114155
1 0.631624 0.850457 0.087179 0.102740
1 0.434188 0.110731 0.082051 0.093607
1 0.446154 0.478311 0.273504 0.116438
1 0.697436 0.472603 0.092308 0.114155
1 0.137607 0.872146 0.271795 0.141553
1 0.653846 0.098174 0.264957 0.118721
1 0.434188 0.856164 0.263248 0.136986
1 0.171795 0.121005 0.141880 0.109589
1 0.051282 0.506849 0.099145 0.136986
1 0.226496 0.495434 0.076923 0.109589
1 0.931624 0.489726 0.136752 0.130137
1 0.957265 0.856164 0.054701 0.095890
1 0.322222 0.131279 0.056410 0.089041
1 0.035897 0.133562 0.044444 0.057078
