0 0.24530073 0.10159868 0.03931460 0.04794564
0 0.21538243 0.22830816 0.04444685 0.12785271
0 0.41794888 0.76940800 0.07350395 0.09589129
0 0.06324929 0.63698937 0.02734868 0.04109326
0 0.24359231 0.65296658 0.06666328 0.06849578
0 0.07350679 0.82762871 0.02734868 0.03424789
0 0.15812245 0.54452077 0.07008711 0.07990707
0 0.04188040 0.55479584 0.08376079 0.08219353
0 0.17350520 0.86872197 0.04615527 0.07534115
0 0.01794823 0.91210170 0.03248093 0.03881381
0 0.46495836 0.17466038 0.05812119 0.06164340
0 0.48547337 0.68607123 0.06495486 0.06620932
0 0.41794888 0.96461326 0.05982961 0.04337973
0 0.34017389 0.72260559 0.04444685 0.04794564
0 0.02393469 0.43378849 0.04786369 0.04565918
