1 0.55247863 0.04657534 0.12034188 0.09315068
1 0.17504274 0.02602740 0.07658120 0.05205479
1 0.64547009 0.72602740 0.05470085 0.07671233
1 0.36649573 0.36438356 0.08205128 0.10958904
1 0.76581197 0.72602740 0.09846154 0.11506849
1 0.84239316 0.37534247 0.07111111 0.10958904
1 0.96085470 0.38082192 0.07829060 0.13698630
1 0.57982906 0.39178082 0.08205128 0.09863014
1 0.41025641 0.03835616 0.09846154 0.07671233
1 0.11487179 0.36986301 0.07658120 0.08219178
1 0.84239316 0.03150685 0.10940171 0.06301370
1 0.18598291 0.73150685 0.09846154 0.10958904
1 0.95128205 0.74246575 0.09743590 0.15342466
1 0.61811966 0.04109589 0.20786325 0.08219178
