1 0.54119658 0.26849315 0.07111111 0.08219178
1 0.97162393 0.65753425 0.05675214 0.07123288
1 0.97162393 0.30684932 0.05675214 0.08767123
1 0.04358974 0.25205479 0.08717949 0.09315068
1 0.40444444 0.27945205 0.07111111 0.09863014
1 0.84205128 0.96712329 0.08752137 0.06575342
1 0.67794872 0.96164384 0.09299145 0.07671233
1 0.06547009 0.60273973 0.13094017 0.12054795
1 0.75452991 0.29041096 0.17504274 0.12054795
1 0.68341880 0.63561644 0.12034188 0.13698630
1 0.18017094 0.26849315 0.04923077 0.06575342
