1 0.43418803 0.35068493 0.12581197 0.12602740
1 0.75145299 0.71780822 0.07658120 0.08219178
1 0.86632479 0.71780822 0.11487179 0.10410959
1 0.65299145 0.71232877 0.08752137 0.12054795
1 0.46700855 0.69589041 0.12034188 0.11506849
1 0.14598291 0.35068493 0.29196581 0.13150685
1 0.62017094 0.35616438 0.19145299 0.14794521
1 0.84991453 0.36712329 0.14769231 0.15890411
1 0.19931624 0.69041096 0.39863248 0.12054795
1 0.39760684 0.04931507 0.79521368 0.09315068
1 0.94410256 0.05479452 0.11179487 0.10958904
