1 0.48341880 0.95205479 0.10393162 0.09589041
1 0.45059829 0.25479452 0.14222222 0.15342466
1 0.88273504 0.65479452 0.19692308 0.21369863
1 0.31384615 0.27123288 0.10393162 0.10410959
1 0.65299145 0.64383562 0.25162393 0.17534247
1 0.05675214 0.23287671 0.08205128 0.07671233
1 0.19350427 0.25479452 0.07111111 0.08219178
1 0.08410256 0.57260274 0.06564103 0.09315068
1 0.96051282 0.02876712 0.07897436 0.05753425
1 0.05025641 0.89041096 0.10051282 0.08219178
1 0.70222222 0.03424658 0.36649573 0.06849315
1 0.27008547 0.91780822 0.16410256 0.10410959
1 0.94273504 0.33698630 0.11452991 0.20273973
1 0.43418803 0.61643836 0.19145299 0.14246575
1 0.72410256 0.30958904 0.28444444 0.16438356
1 0.75692308 0.94246575 0.36649573 0.11506849
