1 0.35076923 0.17260274 0.08752137 0.08219178
1 0.59145299 0.60547945 0.07658120 0.09863014
1 0.95794872 0.34246575 0.07111111 0.07123288
1 0.44376068 0.90684932 0.07111111 0.08219178
1 0.49299145 0.60000000 0.09299145 0.09863014
1 0.62974359 0.27671233 0.07111111 0.08767123
1 0.13743590 0.15068493 0.07658120 0.08219178
1 0.24136752 0.84657534 0.08205128 0.10958904
1 0.09367521 0.82465753 0.10393162 0.10410959
1 0.89777778 0.67671233 0.10393162 0.11506849
1 0.19213675 0.49589041 0.09846154 0.13150685
