1 0.176068 0.963470 0.037607 0.059361
1 0.427350 0.017123 0.054701 0.029680
1 0.619658 0.349315 0.049573 0.059361
1 0.460684 0.343607 0.066667 0.066210
1 0.275214 0.650685 0.099145 0.077626
1 0.581197 0.981735 0.064957 0.031963
1 0.247009 0.316210 0.066667 0.066210
1 0.411111 0.972603 0.059829 0.054795
1 0.635897 0.029680 0.064957 0.054795
1 0.750427 0.038813 0.064957 0.073059
1 0.877778 0.689498 0.244444 0.132420
1 0.684615 0.976027 0.076923 0.047945
1 0.863248 0.366438 0.270085 0.125571
1 0.870940 0.043379 0.097436 0.082192
1 0.696581 0.689498 0.032479 0.059361
1 0.904274 0.968037 0.191453 0.063927
1 0.976923 0.050228 0.046154 0.095890
1 0.482906 0.662100 0.049573 0.059361
1 0.640171 0.684932 0.032479 0.059361
