0 0.13846395 0.43949896 0.27692789 0.87899792
0 0.59145168 0.17123200 0.26666710 0.34246400
0 0.98034166 0.71004493 0.03931668 0.11872088
0 0.39145485 0.25342510 0.10598488 0.15981414
0 0.13076721 0.96917742 0.10427646 0.06164515
0 0.55897775 0.94634784 0.08888670 0.10730433
0 0.69914497 0.84931595 0.17093973 0.15068230
0 0.51453090 0.69634718 0.08888670 0.11415496
0 0.80427564 0.42465753 0.06666328 0.12328679
0 0.78717746 0.26370016 0.06324644 0.12100734
0 0.98547041 0.29794805 0.02905917 0.07990707
0 0.36837722 0.08903803 0.05982961 0.10958904
