1 0.25572650 0.30136986 0.26256410 0.12054795
1 0.08615385 0.95753425 0.15316239 0.08493151
1 0.05128205 0.29589041 0.10256410 0.11506849
1 0.26666667 0.65205479 0.16410256 0.11506849
1 0.61128205 0.66301370 0.48683761 0.12602740
1 0.86837607 0.97671233 0.25162393 0.04657534
1 0.26666667 0.95890411 0.11487179 0.08219178
1 0.60581197 0.97123288 0.18051282 0.05753425
1 0.06905983 0.63013699 0.13811966 0.11506849
1 0.87948718 0.05479452 0.24102564 0.10958904
1 0.54564103 0.03150685 0.22427350 0.06301370
1 0.58393162 0.33972603 0.36649573 0.15342466
1 0.90666667 0.36712329 0.18598291 0.14794521
