1 0.83452991 0.50136986 0.06564103 0.08219178
1 0.92205128 0.50136986 0.06017094 0.08219178
1 0.03982906 0.90684932 0.07965812 0.08219178
1 0.38598291 0.90136986 0.07111111 0.09315068
1 0.17811966 0.89589041 0.07111111 0.09315068
1 0.26017094 0.53424658 0.09299145 0.08219178
1 0.17264957 0.19452055 0.07658120 0.08767123
1 0.61025641 0.51780822 0.06564103 0.08767123
1 0.88923077 0.13972603 0.07658120 0.12054795
1 0.05230769 0.18356164 0.09846154 0.10410959
1 0.62119658 0.15616438 0.04923077 0.07671233
1 0.74700855 0.14520548 0.09299145 0.10958904
1 0.53914530 0.87945205 0.05470085 0.07123288
1 0.64854701 0.86849315 0.09846154 0.08767123
1 0.79076923 0.86301370 0.16957265 0.10410959
1 0.08512821 0.55068493 0.12034188 0.08219178
1 0.30940171 0.18356164 0.10940171 0.12054795
