1 0.16820513 0.19452055 0.08205128 0.09863014
1 0.35418803 0.18904110 0.20786325 0.10958904
1 0.66051282 0.56164384 0.08752137 0.09863014
1 0.31589744 0.89589041 0.21880342 0.09863014
1 0.03487179 0.17260274 0.06974359 0.13150685
1 0.66598291 0.92328767 0.31179487 0.13698630
1 0.93008547 0.93972603 0.13982906 0.12054795
1 0.77008547 0.22739726 0.45982906 0.15342466
1 0.96017094 0.59452055 0.07965812 0.13150685
1 0.31042735 0.52328767 0.54153846 0.16438356
1 0.07316239 0.87945205 0.14632479 0.12054795
