1 0.66940171 0.16438356 0.09846154 0.06575342
1 0.78427350 0.50958904 0.04923077 0.06027397
1 0.93196581 0.84931507 0.09299145 0.07123288
1 0.34119658 0.82739726 0.05470085 0.06575342
1 0.92649573 0.51506849 0.04923077 0.06575342
1 0.40136752 0.50958904 0.07658120 0.08767123
1 0.50529915 0.16986301 0.09846154 0.09315068
1 0.46700855 0.83287671 0.09846154 0.08219178
1 0.19897436 0.82739726 0.10940171 0.08767123
1 0.17709402 0.50410959 0.32820513 0.13150685
1 0.18803419 0.15890411 0.24068376 0.12602740
1 0.04341880 0.83835616 0.08683761 0.10958904
1 0.83897436 0.18082192 0.04376068 0.04383562
