1 0.606838 0.210046 0.054701 0.059361
1 0.044444 0.500000 0.054701 0.073059
1 0.410256 0.566210 0.044444 0.054795
1 0.705983 0.215753 0.047863 0.075342
1 0.115385 0.143836 0.070085 0.105023
1 0.247009 0.149543 0.076923 0.121005
1 0.030769 0.122146 0.058120 0.098174
1 0.596581 0.956621 0.071795 0.086758
1 0.651282 0.587900 0.064957 0.089041
1 0.377778 0.933790 0.092308 0.132420
1 0.837607 0.231735 0.082051 0.121005
1 0.235043 0.922374 0.104274 0.150685
1 0.913675 0.970320 0.152137 0.059361
1 0.972650 0.236301 0.047863 0.079909
