0 0.65897573 0.11529819 0.04615527 0.07077523
0 0.66495519 0.03310466 0.04786369 0.05251156
0 0.72478479 0.04337973 0.04444685 0.07762762
0 0.68290757 0.39954236 0.05641277 0.12785271
0 0.44273493 0.77283244 0.08205303 0.11644142
0 0.01111314 0.44748800 0.02222627 0.10502312
0 0.05213757 0.10387989 0.09743579 0.18949611
0 0.14786494 0.07191847 0.09059512 0.12100734
0 0.22222310 0.28082148 0.08205303 0.13698455
0 0.13333640 0.31506937 0.09231054 0.10502312
0 0.26666995 0.98173589 0.05128052 0.03652822
0 0.38290533 0.13356186 0.22906092 0.24886005
0 0.55299085 0.07534115 0.09401895 0.14611638
0 0.52649638 0.24429414 0.06153802 0.10958904
0 0.41196242 0.45547660 0.24957593 0.38127868
0 0.31795047 0.78767342 0.15384856 0.26483726
0 0.55555348 0.90981699 0.29059895 0.13470510
0 0.62478638 0.51369732 0.08717828 0.09132537
0 0.58461757 0.60160000 0.10598488 0.06164340
0 0.58718020 0.37785600 0.08376145 0.13470510
0 0.59829191 0.26141458 0.05812119 0.07990707
0 0.19487442 0.63927058 0.09914421 0.21461216
0 0.12393310 0.47716997 0.11111013 0.12328679
0 0.24102269 0.38813107 0.10256104 0.05022510
0 0.67265006 0.70775934 0.05982961 0.05479101
0 0.72307638 0.75342553 0.02393184 0.03652734
0 0.53162163 0.76027090 0.05469735 0.14611638
0 0.58888862 0.73059595 0.05641277 0.09132537
0 0.62564059 0.79223934 0.06495486 0.05479101
