1 0.17606838 0.38630137 0.07111111 0.08219178
1 0.06666667 0.37534247 0.07658120 0.09863014
1 0.14324786 0.78082192 0.07111111 0.08767123
1 0.29641026 0.80273973 0.13128205 0.12602740
1 0.92581197 0.56164384 0.14837607 0.14794521
1 0.81606838 0.91917808 0.14222222 0.16164384
1 0.49880342 0.46301370 0.15316239 0.16438356
1 0.13230769 0.03698630 0.09299145 0.07397260
1 0.73948718 0.52328767 0.12581197 0.15342466
1 0.02512821 0.75342466 0.05025641 0.09315068
1 0.92547009 0.94794521 0.06017094 0.10410959
