0 0.111111 0.500000 0.099145 0.114155
0 0.848718 0.430365 0.128205 0.212329
0 0.418803 0.114155 0.116239 0.168950
0 0.123932 0.728311 0.080342 0.118721
0 0.217949 0.844749 0.056410 0.073059
0 0.370085 0.481735 0.073504 0.095890
0 0.149573 0.138128 0.073504 0.079909
0 0.540171 0.523973 0.143590 0.148402
0 0.590598 0.334475 0.131624 0.171233
0 0.964957 0.328767 0.070085 0.136986
0 0.900855 0.253425 0.075214 0.095890
0 0.841880 0.847032 0.076923 0.109589
0 0.552991 0.857306 0.070085 0.098174
0 0.676068 0.541096 0.087179 0.105023
