1 0.36410256 0.86301370 0.28991453 0.11506849
1 0.86393162 0.90136986 0.27213675 0.12602740
1 0.45709402 0.52876712 0.08752137 0.14794521
1 0.64307692 0.53424658 0.23521368 0.12602740
1 0.65948718 0.87397260 0.12034188 0.10958904
1 0.95008547 0.21095890 0.09982906 0.13698630
1 0.62666667 0.18904110 0.24615385 0.12054795
1 0.29846154 0.52876712 0.15316239 0.13150685
1 0.08905983 0.51232877 0.17811966 0.12054795
1 0.10683761 0.86849315 0.21367521 0.16438356
1 0.16837607 0.17808219 0.33675214 0.13698630
1 0.44068376 0.17808219 0.07111111 0.08219178
1 0.81811966 0.19452055 0.08205128 0.13150685
