1 0.06495726 0.89863014 0.12991453 0.13150685
1 0.62769231 0.61369863 0.11487179 0.10958904
1 0.04717949 0.55342466 0.09435897 0.12602740
1 0.96427350 0.30684932 0.07145299 0.10410959
1 0.27213675 0.89315068 0.12581197 0.14246575
1 0.81367521 0.27945205 0.19145299 0.11506849
1 0.79726496 0.62465753 0.19692308 0.12054795
1 0.32136752 0.55890411 0.37196581 0.12054795
1 0.52376068 0.24657534 0.13128205 0.13150685
1 0.51282051 0.93424658 0.09846154 0.13150685
1 0.83008547 0.94520548 0.14222222 0.10958904
1 0.22837607 0.25205479 0.35555556 0.12054795
