1 0.14974359 0.01917808 0.17504274 0.03835616
1 0.02153846 0.68493151 0.04307692 0.15890411
1 0.16615385 0.73424658 0.17504274 0.14794521
1 0.39589744 0.80547945 0.13128205 0.10958904
1 0.61470085 0.11506849 0.22974359 0.10958904
1 0.83350427 0.15342466 0.07111111 0.13150685
1 0.93743590 0.18630137 0.06017094 0.09315068
1 0.02837607 0.32328767 0.05675214 0.09863014
1 0.12786325 0.33972603 0.09299145 0.07123288
1 0.45059829 0.44383562 0.08752137 0.08219178
1 0.77333333 0.90410959 0.09846154 0.15890411
1 0.91008547 0.91506849 0.07111111 0.08767123
1 0.98786325 0.95753425 0.02427350 0.08493151
1 0.70222222 0.50958904 0.08205128 0.13698630
1 0.82256410 0.52602740 0.08752137 0.12054795
1 0.94290598 0.56438356 0.04923077 0.08767123
1 0.33025641 0.05068493 0.06017094 0.10136986
