1 0.16615385 0.03013699 0.09299145 0.06027397
1 0.30837607 0.03835616 0.07658120 0.07671233
1 0.14974359 0.71506849 0.10393162 0.12054795
1 0.96598291 0.05616438 0.06803419 0.11232877
1 0.31384615 0.72602740 0.16957265 0.13150685
1 0.22632479 0.36438356 0.29538462 0.14246575
1 0.02427350 0.69315068 0.04854701 0.13150685
1 0.55452991 0.73150685 0.22427350 0.12054795
1 0.78974359 0.04794521 0.17504274 0.09589041
1 0.74598291 0.38630137 0.33367521 0.13698630
1 0.52717949 0.05068493 0.25162393 0.10136986
1 0.71863248 0.75342466 0.06564103 0.06027397
1 0.83350427 0.75342466 0.07658120 0.10410959
1 0.93743590 0.73698630 0.07111111 0.10410959
