1 0.87282051 0.95616438 0.07111111 0.08767123
1 0.65948718 0.10136986 0.07658120 0.10958904
1 0.53367521 0.09041096 0.13675214 0.15342466
1 0.74700855 0.93972603 0.08752137 0.11506849
1 0.82358974 0.10273973 0.11487179 0.20547945
1 0.01658120 0.44109589 0.03316239 0.13698630
1 0.87213675 0.52876712 0.25572650 0.12054795
1 0.23282051 0.07397260 0.20239316 0.14794521
1 0.97059829 0.94794521 0.05880342 0.10410959
1 0.00974359 0.88493151 0.01948718 0.14246575
1 0.40239316 0.49589041 0.17504274 0.12054795
1 0.00153846 0.06301370 0.00307692 0.12602740
1 0.62119658 0.50684932 0.13675214 0.14794521
1 0.24923077 0.90684932 0.22427350 0.15342466
1 0.53914530 0.92328767 0.26256410 0.13150685
