1 0.14837607 0.97945205 0.25709402 0.04109589
1 0.00991453 0.31780822 0.01982906 0.07123288
1 0.10461538 0.31780822 0.10940171 0.08219178
1 0.75008547 0.95890411 0.49777778 0.08219178
1 0.17025641 0.66301370 0.10940171 0.11506849
1 0.94068376 0.60821918 0.11863248 0.13150685
1 0.39452991 0.96986301 0.12581197 0.06027397
1 0.04547009 0.67945205 0.09094017 0.11506849
1 0.70632479 0.27397260 0.28991453 0.14246575
1 0.44376068 0.65205479 0.14222222 0.13698630
1 0.68444444 0.63013699 0.17504274 0.13698630
1 0.35623932 0.31232877 0.30085470 0.10958904
