1 0.30495726 0.45753425 0.11487179 0.07671233
1 0.85743590 0.49041096 0.15316239 0.08767123
1 0.67145299 0.48493151 0.12034188 0.08219178
1 0.24478632 0.74794521 0.12034188 0.08219178
1 0.10871795 0.44657534 0.21743590 0.08767123
1 0.56752137 0.76986301 0.08205128 0.07671233
1 0.54017094 0.46849315 0.08752137 0.08767123
1 0.45264957 0.77534247 0.08752137 0.09315068
1 0.96837607 0.80821918 0.06324786 0.08219178
1 0.08068376 0.73698630 0.12034188 0.08767123
1 0.76991453 0.79178082 0.25162393 0.09315068
