1 0.95247863 0.02602740 0.09299145 0.05205479
1 0.35076923 0.92054795 0.18598291 0.14794521
1 0.07692308 0.12602740 0.15384615 0.14794521
1 0.11008547 0.49315068 0.20786325 0.19178082
1 0.68444444 0.27397260 0.21333333 0.17534247
1 0.64068376 0.61917808 0.20786325 0.18630137
1 0.85401709 0.69041096 0.12034188 0.14794521
1 0.25777778 0.54794521 0.07658120 0.10958904
1 0.41641026 0.56986301 0.12581197 0.15890411
1 0.71179487 0.96575342 0.20239316 0.06849315
1 0.33435897 0.21369863 0.20786325 0.15342466
1 0.88136752 0.32876712 0.18598291 0.16986301
1 0.49846154 0.93013699 0.07658120 0.13972603
1 0.97350427 0.71232877 0.05299145 0.14246575
