1 0.94085470 0.72054795 0.07111111 0.07123288
1 0.82598291 0.06301370 0.10393162 0.09315068
1 0.84239316 0.70410959 0.06017094 0.09863014
1 0.41025641 0.35890411 0.08752137 0.09863014
1 0.96085470 0.07945205 0.07829060 0.09863014
1 0.06017094 0.02328767 0.12034188 0.04657534
1 0.15316239 0.95890411 0.29538462 0.08219178
1 0.59623932 0.04931507 0.28444444 0.09863014
1 0.83692308 0.40273973 0.25709402 0.12054795
1 0.42666667 0.97260274 0.22427350 0.05479452
1 0.27350427 0.35342466 0.10393162 0.12054795
1 0.68376068 0.70410959 0.15863248 0.11506849
1 0.41025641 0.68219178 0.34461538 0.10958904
1 0.56888889 0.36986301 0.16957265 0.10958904
1 0.20786325 0.03561644 0.10393162 0.07123288
1 0.09846154 0.33150685 0.19692308 0.12602740
1 0.08205128 0.64383562 0.16410256 0.09863014
