0 0.25640730 0.16780712 0.06153802 0.06620932
0 0.48717664 0.13127978 0.06495486 0.07990707
0 0.05213943 0.94749195 0.08034462 0.08675945
0 0.36666322 0.94634696 0.09059512 0.10730608
0 0.68718047 0.97374422 0.07521236 0.05251156
0 0.62478824 0.80022532 0.07008711 0.07534115
0 0.68632626 0.83219375 0.04273843 0.06620932
0 0.86324546 0.81164362 0.06495486 0.09360482
0 0.76837930 0.58904285 0.07008711 0.08219353
0 0.58461243 0.58333370 0.04444685 0.04337973
0 0.67094351 0.57420186 0.07008711 0.04337973
0 0.94615478 0.65525216 0.10769045 0.07306170
