1 0.39589744 0.06849315 0.06017094 0.07671233
1 0.02153846 0.43013699 0.04307692 0.07123288
1 0.28649573 0.07397260 0.06564103 0.08219178
1 0.89367521 0.74794521 0.07111111 0.09315068
1 0.49435897 0.76438356 0.08205128 0.08767123
1 0.65846154 0.75342466 0.14222222 0.09315068
1 0.95914530 0.39178082 0.08170940 0.09315068
1 0.11145299 0.06849315 0.10393162 0.10958904
1 0.10051282 0.76986301 0.14769231 0.12602740
1 0.71863248 0.41369863 0.14769231 0.07671233
1 0.84444444 0.41917808 0.04923077 0.07123288
1 0.89914530 0.06849315 0.14222222 0.06027397
1 0.17162393 0.43561644 0.04923077 0.07123288
