1 0.63213675 0.81643836 0.07111111 0.09863014
1 0.68683761 0.09863014 0.09299145 0.12054795
1 0.33128205 0.43287671 0.09299145 0.11506849
1 0.94940171 0.47671233 0.08752137 0.12054795
1 0.95965812 0.11506849 0.08068376 0.09863014
1 0.27111111 0.09315068 0.10393162 0.12054795
1 0.21641026 0.77808219 0.12034188 0.12054795
1 0.06170940 0.76712329 0.12341880 0.12054795
1 0.82358974 0.10958904 0.12581197 0.12602740
1 0.46256410 0.08767123 0.21333333 0.15342466
1 0.09606838 0.06575342 0.13675214 0.12602740
1 0.44068376 0.80547945 0.12034188 0.12054795
