0 0.70256323 0.20433841 0.30427329 0.40867682
0 0.14615138 0.06506915 0.11111013 0.13013830
0 0.14957287 0.96118707 0.29914574 0.07762586
0 0.02222228 0.80364975 0.04444455 0.10045721
0 0.91709243 0.81278597 0.16581514 0.37442805
0 0.98034412 0.52968066 0.03931175 0.16438707
0 0.38632402 0.04908844 0.09572737 0.09817688
0 0.52991508 0.63013786 0.60854657 0.41096066
0 0.48034297 0.90297074 0.21538658 0.12557326
0 0.47179389 0.28082060 0.14359106 0.25570542
0 0.11880271 0.33105271 0.06324644 0.09589129
0 0.04700833 0.71461085 0.09401666 0.13698455
