1 0.16923088 0.62671342 0.13333355 0.13927101
1 0.41111193 0.70776373 0.26495869 0.18265074
1 0.89316327 0.86073249 0.21367346 0.13698455
1 0.94615396 0.13698893 0.10769209 0.13241863
1 0.80085508 0.45091507 0.12136763 0.13470510
1 0.93589820 0.49886071 0.12820360 0.17123244
1 0.62735272 0.40867858 0.15726539 0.13241863
1 0.28889009 0.31164405 0.18119724 0.15753468
1 0.47264996 0.36986477 0.08376145 0.10958904
1 0.04615505 0.24657797 0.09231010 0.12785271
1 0.38632588 0.01826586 0.11965921 0.03653173
1 0.52136785 0.02169030 0.07179553 0.04338060
1 0.63076956 0.75456614 0.11965921 0.17579836
