1 0.42974359 0.95205479 0.06564103 0.09589041
1 0.09606838 0.92054795 0.08752137 0.09863014
1 0.98153846 0.30136986 0.03692308 0.10958904
1 0.46256410 0.25205479 0.08205128 0.12054795
1 0.26017094 0.21917808 0.18051282 0.15890411
1 0.60478632 0.95342466 0.10393162 0.09315068
1 0.61572650 0.26301370 0.12034188 0.18082192
1 0.10700855 0.57534247 0.11487179 0.06575342
1 0.24376068 0.59178082 0.06564103 0.07123288
1 0.34769231 0.59178082 0.06564103 0.06575342
1 0.90017094 0.64109589 0.05470085 0.10410959
1 0.21641026 0.93150685 0.04376068 0.08219178
