1 0.02735043 0.32328767 0.05470085 0.06027397
1 0.20239316 0.61369863 0.06564103 0.09863014
1 0.65094017 0.60821918 0.09299145 0.08219178
1 0.89162393 0.25753425 0.05470085 0.07123288
1 0.03282051 0.19726027 0.04923077 0.07123288
1 0.36102564 0.26849315 0.37196581 0.14794521
1 0.03829060 0.59726027 0.07111111 0.12602740
1 0.36649573 0.92602740 0.28991453 0.14794521
1 0.37743590 0.59178082 0.19692308 0.11506849
1 0.76581197 0.27397260 0.08752137 0.08219178
1 0.65641026 0.93698630 0.12034188 0.10958904
1 0.12581197 0.94383562 0.08752137 0.11232877
