1 0.27350427 0.29589041 0.09299145 0.09315068
1 0.15316239 0.96438356 0.07658120 0.07123288
1 0.04923077 0.97671233 0.07658120 0.04657534
1 0.85880342 0.93698630 0.08752137 0.09863014
1 0.76581197 0.24109589 0.09846154 0.11506849
1 0.62905983 0.25205479 0.10393162 0.12054795
1 0.52512821 0.95068493 0.08752137 0.09863014
1 0.28444444 0.95479452 0.08752137 0.09041096
1 0.65641026 0.94657534 0.10393162 0.10684932
1 0.45401709 0.27397260 0.17504274 0.12054795
1 0.12034188 0.29589041 0.17504274 0.13150685
