1 0.39897436 0.42739726 0.12034188 0.14794521
1 0.02444444 0.05479452 0.04888889 0.09315068
1 0.09811966 0.04520548 0.06017094 0.09041096
1 0.25675214 0.06027397 0.09846154 0.12054795
1 0.10358974 0.76712329 0.08205128 0.08767123
1 0.42085470 0.76712329 0.47589744 0.08767123
1 0.86495726 0.74520548 0.27008547 0.13150685
1 0.73811966 0.40547945 0.10393162 0.13150685
1 0.87487179 0.39452055 0.08205128 0.08767123
1 0.44273504 0.06575342 0.16957265 0.10410959
1 0.63418803 0.04931507 0.12581197 0.09863014
1 0.79829060 0.06575342 0.13128205 0.13150685
1 0.94017094 0.05616438 0.11965812 0.11232877
