1 0.825641 0.116438 0.136752 0.086758
1 0.141880 0.894977 0.082051 0.100457
1 0.770940 0.889269 0.082051 0.075342
1 0.804274 0.884703 0.131624 0.098174
1 0.306838 0.515982 0.076923 0.082192
1 0.596581 0.883562 0.201709 0.114155
1 0.333333 0.916667 0.071795 0.098174
1 0.080342 0.106164 0.157265 0.116438
1 0.498291 0.495434 0.213675 0.114155
1 0.831624 0.515982 0.076923 0.086758
1 0.076923 0.521689 0.099145 0.121005
1 0.563248 0.116438 0.121368 0.109589
1 0.030769 0.894977 0.058120 0.136986
1 0.317094 0.099315 0.251282 0.125571
