1 0.90666667 0.35342466 0.07658120 0.09315068
1 0.52923077 0.70958904 0.09299145 0.09315068
1 0.14632479 0.35342466 0.06564103 0.10410959
1 0.72068376 0.69863014 0.03829060 0.06575342
1 0.83555556 0.70958904 0.08752137 0.08767123
1 0.12991453 0.72054795 0.09846154 0.09863014
1 0.39247863 0.70958904 0.06564103 0.09863014
1 0.27213675 0.36438356 0.07111111 0.09315068
1 0.35965812 0.36986301 0.06564103 0.08219178
1 0.51829060 0.34794521 0.05470085 0.06575342
1 0.60034188 0.34246575 0.05470085 0.06575342
1 0.20649573 0.69315068 0.02735043 0.06027397
1 0.29401709 0.69315068 0.03829060 0.04931507
1 0.62222222 0.70410959 0.03829060 0.07123288
1 0.96136752 0.69315068 0.05470085 0.08767123
1 0.05880342 0.02602740 0.05470085 0.05205479
1 0.15726496 0.02054795 0.07111111 0.04109589
1 0.26666667 0.02191781 0.06564103 0.04383562
1 0.37059829 0.02602740 0.06564103 0.05205479
1 0.52376068 0.02328767 0.08752137 0.04657534
1 0.71521368 0.01917808 0.12581197 0.03835616
1 0.90666667 0.03561644 0.04376068 0.06575342
