0 0.14444669 0.28424592 0.04273843 0.07077523
0 0.25127877 0.29223452 0.05812119 0.07762762
0 0.17862903 0.44520329 0.05641277 0.08675945
0 0.25555681 0.38241666 0.03248093 0.05707748
0 0.30171208 0.44292384 0.04615527 0.05022510
0 0.32392851 0.50114455 0.05641277 0.07534115
0 0.35811785 0.41438510 0.03931460 0.05707748
0 0.60513116 0.44063737 0.04786369 0.06849578
0 0.49829208 0.37328482 0.03248093 0.04337973
0 0.71794970 0.43950115 0.04444685 0.05251156
0 0.50597995 0.91552789 0.06837869 0.08675945
0 0.74358996 0.34703255 0.04786369 0.05936395
0 0.82820562 0.79566378 0.04273843 0.07077523
0 0.88974364 0.34018016 0.04615527 0.07762762
