1 0.51521368 0.92054795 0.04923077 0.06575342
1 0.28000000 0.09315068 0.04376068 0.05479452
1 0.00735043 0.04931507 0.01470085 0.08767123
1 0.46051282 0.11506849 0.06564103 0.07671233
1 0.33470085 0.91506849 0.07658120 0.09863014
1 0.72307692 0.95342466 0.07111111 0.08219178
1 0.72307692 0.54794521 0.06017094 0.06575342
1 0.55897436 0.12054795 0.07111111 0.08767123
1 0.16512821 0.08219178 0.11487179 0.08767123
1 0.87076923 0.94794521 0.12581197 0.10410959
1 0.57538462 0.52054795 0.12034188 0.09863014
1 0.31282051 0.51506849 0.12581197 0.11506849
1 0.81059829 0.15342466 0.29538462 0.12054795
1 0.91452991 0.56986301 0.12034188 0.15342466
