1 0.46564103 0.28767123 0.06564103 0.08219178
1 0.30153846 0.60547945 0.08752137 0.09315068
1 0.33435897 0.28219178 0.07658120 0.09863014
1 0.66256410 0.61095890 0.12581197 0.12054795
1 0.09367521 0.94657534 0.13675214 0.10684932
1 0.41094017 0.94520548 0.17504274 0.10958904
1 0.43282051 0.60547945 0.09846154 0.10410959
1 0.11555556 0.60547945 0.17504274 0.13698630
1 0.61880342 0.28767123 0.13675214 0.12054795
1 0.10837607 0.27671233 0.21675214 0.11506849
1 0.23042735 0.95205479 0.08752137 0.09589041
1 0.56957265 0.95068493 0.08205128 0.07123288
1 0.77743590 0.95342466 0.16410256 0.09315068
1 0.85948718 0.29315068 0.27897436 0.11506849
