1 0.22188034 0.52602740 0.04376068 0.06575342
1 0.29846154 0.88219178 0.08752137 0.08219178
1 0.69777778 0.49315068 0.09846154 0.07123288
1 0.08512821 0.89315068 0.06017094 0.07671233
1 0.76888889 0.82739726 0.06564103 0.07671233
1 0.37504274 0.52054795 0.04923077 0.07671233
1 0.61572650 0.86027397 0.06017094 0.07671233
1 0.17264957 0.88767123 0.06564103 0.08219178
1 0.11247863 0.52602740 0.06564103 0.08767123
1 0.17811966 0.15890411 0.09299145 0.09315068
1 0.38051282 0.87671233 0.06017094 0.05479452
1 0.85641026 0.83287671 0.03829060 0.06027397
1 0.93846154 0.83287671 0.07658120 0.05479452
1 0.33128205 0.16438356 0.03829060 0.05479452
1 0.41333333 0.17534247 0.07658120 0.07123288
