1 0.86324732 0.55137227 0.19487158 0.13470510
1 0.48461588 0.54566312 0.08376145 0.09589129
1 0.63076956 0.54337666 0.10940171 0.08675945
1 0.01965883 0.50342663 0.03931766 0.07990707
1 0.01452833 0.81050038 0.02905666 0.10045721
1 0.25470075 0.84589151 0.09572737 0.08447299
1 0.36153983 0.83903912 0.05641277 0.07990707
1 0.48888692 0.85045742 0.15384856 0.10730258
1 0.74701194 0.87899616 0.10940171 0.10502312
1 0.85042719 0.87443025 0.05298894 0.09132537
1 0.94786297 0.87443025 0.06324644 0.09589129
0 0.30256443 0.03196186 0.07179553 0.06392373
0 0.14615324 0.31278729 0.07008711 0.09589129
0 0.15470233 0.64612033 0.07692078 0.06849578
0 0.87521324 0.34589195 0.09572737 0.06164340
0 0.27179192 0.63698849 0.08546987 0.08675945
0 0.11367231 0.78196164 0.12136763 0.10730258
