1 0.69025641 0.00821918 0.08752137 0.01643836
1 0.88717949 0.02191781 0.07658120 0.04383562
1 0.90119658 0.80273973 0.19760684 0.14794521
1 0.41128205 0.74794521 0.14769231 0.14246575
1 0.44410256 0.36438356 0.22427350 0.13150685
1 0.41675214 0.01095890 0.38837607 0.02191781
1 0.65196581 0.75342466 0.12034188 0.15342466
1 0.11811966 0.34246575 0.23623932 0.12054795
1 0.15504274 0.73698630 0.31008547 0.12602740
1 0.78324786 0.37534247 0.14222222 0.15890411
1 0.91452991 0.40273973 0.07111111 0.12054795
