1 0.48649573 0.80821918 0.07111111 0.08219178
1 0.30598291 0.43013699 0.16410256 0.09315068
1 0.22393162 0.43561644 0.12034188 0.08767123
1 0.51384615 0.46301370 0.04923077 0.06575342
1 0.38256410 0.79178082 0.15316239 0.10958904
1 0.79282051 0.84109589 0.07111111 0.07671233
1 0.67247863 0.83013699 0.05470085 0.07671233
1 0.57401709 0.81369863 0.07111111 0.09863014
1 0.73264957 0.48493151 0.08752137 0.09315068
1 0.05726496 0.76438356 0.11452991 0.12054795
1 0.61777778 0.47397260 0.08205128 0.08219178
1 0.92410256 0.84657534 0.11487179 0.09863014
1 0.89675214 0.49589041 0.09299145 0.09863014
1 0.06547009 0.42465753 0.13094017 0.12602740
