1 0.93487179 0.75068493 0.13025641 0.11506849
1 0.53059829 0.71232877 0.14222222 0.14246575
1 0.74940171 0.75068493 0.15316239 0.12054795
1 0.31179487 0.04931507 0.34461538 0.09863014
1 0.10393162 0.35068493 0.17504274 0.15890411
1 0.94307692 0.42191781 0.11384615 0.14246575
1 0.29538462 0.37808219 0.12034188 0.09315068
1 0.67829060 0.40547945 0.27350427 0.12602740
1 0.63452991 0.06575342 0.21880342 0.10958904
1 0.91846154 0.09315068 0.16307692 0.10958904
1 0.17504274 0.69041096 0.26803419 0.10958904
