1 0.25025641 0.84109589 0.06017094 0.09315068
1 0.22290598 0.49041096 0.07111111 0.08767123
1 0.58940171 0.12328767 0.08752137 0.09315068
1 0.26666667 0.11780822 0.38290598 0.11506849
1 0.51282051 0.50136986 0.15863248 0.11506849
1 0.92307692 0.84657534 0.14769231 0.14794521
1 0.92307692 0.10684932 0.07111111 0.07123288
1 0.99162393 0.11232877 0.01675214 0.05479452
1 0.34324786 0.49589041 0.03829060 0.05479452
1 0.67692308 0.49041096 0.09299145 0.06575342
1 0.05811966 0.49589041 0.11623932 0.08219178
1 0.79179487 0.11780822 0.09846154 0.07671233
