1 0.90461538 0.87945205 0.08752137 0.10410959
1 0.44512821 0.39726027 0.07111111 0.08219178
1 0.23726496 0.33698630 0.07658120 0.09863014
1 0.98376068 0.54520548 0.03247863 0.09863014
1 0.35213675 0.03835616 0.10393162 0.07671233
1 0.47247863 0.05068493 0.12034188 0.10136986
1 0.02153846 0.64383562 0.04307692 0.10958904
1 0.69128205 0.11232877 0.09299145 0.12602740
1 0.11145299 0.30410959 0.09846154 0.13150685
1 0.19897436 0.69315068 0.15316239 0.10958904
1 0.60923077 0.79178082 0.28991453 0.13698630
1 0.89367521 0.13972603 0.12581197 0.13150685
1 0.75145299 0.47397260 0.20786325 0.12602740
1 0.13333333 0.01232877 0.19145299 0.02465753
