1 0.051282 0.574201 0.099145 0.152968
1 0.085470 0.212329 0.064957 0.105023
1 0.978632 0.853881 0.042735 0.063927
1 0.380342 0.864155 0.094017 0.075342
1 0.620513 0.864155 0.109402 0.093607
1 0.227350 0.212329 0.082051 0.109589
1 0.867521 0.167808 0.042735 0.066210
1 0.966667 0.151826 0.066667 0.098174
1 0.605128 0.184932 0.136752 0.109589
0 0.474359 0.633562 0.117949 0.084475
1 0.779487 0.167808 0.071795 0.066210
1 0.867521 0.507991 0.059829 0.098174
1 0.178632 0.908676 0.066667 0.059361
1 0.488889 0.520548 0.112821 0.095890
