1 0.02752137 0.06849315 0.05504274 0.10958904
1 0.09452991 0.75890411 0.18905983 0.12054795
1 0.22188034 0.41917808 0.09846154 0.10958904
1 0.04393162 0.41917808 0.08786325 0.12602740
1 0.26017094 0.77534247 0.07658120 0.11506849
1 0.58290598 0.75890411 0.25709402 0.13698630
1 0.33675214 0.07945205 0.10940171 0.12054795
1 0.73606838 0.43013699 0.11487179 0.13150685
1 0.92547009 0.43561644 0.14905983 0.13698630
1 0.44068376 0.43013699 0.21333333 0.13698630
1 0.85094017 0.76986301 0.16957265 0.15890411
1 0.66495726 0.09589041 0.33914530 0.15890411
1 0.18905983 0.09041096 0.14769231 0.05479452
