1 0.03128205 0.57808219 0.06256410 0.07671233
1 0.14188034 0.58904110 0.08205128 0.07671233
1 0.09145299 0.95753425 0.18290598 0.08493151
1 0.38256410 0.27123288 0.10393162 0.10958904
1 0.35521368 0.59452055 0.07658120 0.09863014
1 0.81470085 0.96164384 0.12034188 0.07671233
1 0.49743590 0.96164384 0.13128205 0.07671233
1 0.02854701 0.24931507 0.05709402 0.10958904
1 0.88581197 0.27123288 0.15863248 0.11506849
1 0.21846154 0.25479452 0.12581197 0.13698630
1 0.47008547 0.25479452 0.04923077 0.07671233
1 0.57401709 0.26575342 0.07658120 0.09315068
1 0.66700855 0.27123288 0.06017094 0.07123288
