1 0.70119658 0.05753425 0.32820513 0.11506849
1 0.06341880 0.08493151 0.12683761 0.12602740
1 0.41128205 0.81369863 0.10940171 0.10958904
1 0.22529915 0.80821918 0.14769231 0.10410959
1 0.92991453 0.06438356 0.14017094 0.12876712
1 0.35658120 0.06027397 0.10940171 0.12054795
1 0.93264957 0.80821918 0.13470085 0.14794521
1 0.69572650 0.43013699 0.10940171 0.12602740
1 0.41675214 0.44109589 0.12581197 0.13698630
1 0.66290598 0.81917808 0.27897436 0.16438356
1 0.21435897 0.44657534 0.12034188 0.13150685
1 0.92991453 0.41369863 0.14017094 0.14794521
1 0.05111111 0.83013699 0.10222222 0.12054795
