1 0.01658120 0.25753425 0.03316239 0.13150685
1 0.74153846 0.75068493 0.08752137 0.11506849
1 0.86188034 0.34520548 0.10940171 0.14794521
1 0.13982906 0.27945205 0.19692308 0.13698630
1 0.97196581 0.35616438 0.05606838 0.14246575
1 0.86188034 0.75068493 0.10393162 0.13698630
1 0.66495726 0.31780822 0.22974359 0.16438356
1 0.97333333 0.76164384 0.05333333 0.15342466
1 0.01384615 0.66849315 0.02769231 0.17534247
1 0.58290598 0.72328767 0.18598291 0.16438356
1 0.45162393 0.31232877 0.11487179 0.15890411
1 0.29846154 0.69589041 0.27897436 0.17534247
