1 0.633333 0.489726 0.094017 0.121005
1 0.026496 0.122146 0.042735 0.070776
1 0.158120 0.149543 0.148718 0.102740
1 0.235043 0.823059 0.070085 0.075342
1 0.327350 0.812785 0.066667 0.082192
1 0.858120 0.155251 0.088889 0.114155
1 0.841026 0.844749 0.099145 0.114155
1 0.141026 0.489726 0.094017 0.102740
1 0.770085 0.484018 0.141880 0.118721
1 0.354701 0.478311 0.261538 0.125571
1 0.502564 0.829909 0.153846 0.121005
1 0.430769 0.149543 0.201709 0.143836
1 0.154701 0.827626 0.070085 0.075342
1 0.079487 0.811644 0.070085 0.075342
