1 0.80273504 0.02328767 0.39452991 0.04657534
1 0.97914530 0.32054795 0.04170940 0.06575342
1 0.98735043 0.67671233 0.02529915 0.06575342
1 0.73401709 0.34246575 0.07658120 0.08219178
1 0.26905983 0.03835616 0.07658120 0.07671233
1 0.64102564 0.68767123 0.28991453 0.09863014
1 0.53162393 0.03150685 0.10393162 0.06301370
1 0.38393162 0.72602740 0.10393162 0.10410959
1 0.37846154 0.36986301 0.13675214 0.08767123
1 0.57538462 0.33698630 0.16410256 0.09315068
1 0.91452991 0.68767123 0.06564103 0.07671233
