1 0.02991453 0.13972603 0.05982906 0.09863014
1 0.01350427 0.81369863 0.02700855 0.13150685
1 0.03948718 0.47945205 0.07897436 0.10410959
1 0.40444444 0.49589041 0.35008547 0.10958904
1 0.56307692 0.83013699 0.30085470 0.13150685
1 0.81470085 0.49589041 0.19145299 0.14246575
1 0.13641026 0.82465753 0.16410256 0.14246575
1 0.93333333 0.84109589 0.13333333 0.11506849
1 0.14735043 0.13424658 0.08205128 0.09315068
1 0.31145299 0.16164384 0.14769231 0.08767123
1 0.66700855 0.16164384 0.39931624 0.12602740
1 0.95145299 0.15616438 0.07658120 0.07671233
