1 0.70564103 0.02191781 0.06017094 0.04383562
1 0.80957265 0.01643836 0.04923077 0.03287671
1 0.19692308 0.37808219 0.09299145 0.07671233
1 0.52512821 0.02328767 0.06564103 0.04657534
1 0.82598291 0.35616438 0.14769231 0.08219178
1 0.94632479 0.02191781 0.07658120 0.04383562
1 0.97863248 0.70136986 0.04273504 0.07123288
1 0.44307692 0.72876712 0.15863248 0.08767123
1 0.12034188 0.73424658 0.08752137 0.09315068
1 0.70564103 0.71780822 0.16957265 0.10958904
1 0.25709402 0.72876712 0.10393162 0.11506849
1 0.07111111 0.03972603 0.13128205 0.07945205
1 0.36649573 0.37260274 0.15316239 0.06575342
1 0.07658120 0.39452055 0.04376068 0.06027397
1 0.19145299 0.02876712 0.07111111 0.05753425
1 0.96273504 0.34520548 0.04376068 0.07671233
