0 0.16410377 0.60160000 0.09572737 0.10273666
0 0.12649759 0.19292581 0.06495486 0.06620932
0 0.22137075 0.28196471 0.04615527 0.07077523
0 0.46752284 0.09703452 0.13504197 0.10273666
0 0.81367335 0.17123244 0.09914421 0.11872088
0 0.38461560 0.74543693 0.05128052 0.07077523
0 0.56837547 0.76027090 0.06666328 0.08219353
0 0.98119658 0.86187134 0.03760684 0.10273666
0 0.69658377 0.19977118 0.05982961 0.09817074
0 0.62820507 0.20091441 0.06666328 0.10958904
0 0.69401414 0.36301501 0.08888670 0.11415496
0 0.82649348 0.28767386 0.05298894 0.06849578
0 0.74530166 0.57877041 0.03760618 0.05251156
0 0.77862980 0.64840241 0.03931460 0.05479101
0 0.94188165 0.42351518 0.05812119 0.07990707
0 0.16837481 0.38698784 0.04273843 0.05251156
