1 0.38837607 0.13972603 0.07111111 0.08767123
1 0.56888889 0.49041096 0.06564103 0.09315068
1 0.08752137 0.10136986 0.17504274 0.09315068
1 0.59076923 0.81917808 0.25162393 0.09315068
1 0.24615385 0.13424658 0.07111111 0.09315068
1 0.93538462 0.84657534 0.06564103 0.07671233
1 0.19145299 0.45753425 0.15863248 0.08219178
1 0.84786325 0.19452055 0.25709402 0.10410959
1 0.33914530 0.79178082 0.12034188 0.10410959
1 0.80410256 0.84109589 0.08205128 0.09315068
1 0.13128205 0.78082192 0.13675214 0.09863014
1 0.70564103 0.51232877 0.09846154 0.08219178
1 0.54153846 0.15616438 0.12581197 0.06027397
