0 0.58033953 0.20205501 0.05298894 0.06620932
0 0.16239349 0.31506674 0.10940171 0.37899222
0 0.29401863 0.30707814 0.13333355 0.22146455
0 0.25128019 0.16324121 0.07179553 0.07990707
0 0.18376271 0.08447737 0.19999683 0.07762762
0 0.48632758 0.30707814 0.05982961 0.14840285
0 0.57606849 0.36986477 0.06495486 0.11415496
0 0.55555348 0.61301567 0.08888670 0.06620932
0 0.42735218 0.70319781 0.13675039 0.09589129
0 0.44102652 0.56507003 0.08546987 0.12557326
0 0.58888862 0.51483792 0.05298894 0.07077523
0 0.56239415 0.90867814 0.08546987 0.09589129
0 0.23248060 0.62214751 0.18803091 0.17579836
0 0.05726490 0.46004690 0.11452981 0.13013918
0 0.04957177 0.70091134 0.09914355 0.13241863
0 0.21880626 0.95205436 0.19487158 0.09589129
0 0.22222310 0.80822093 0.24615210 0.16895299
0 0.16324770 0.01712263 0.07350395 0.03424526
