1 0.21196581 0.07123288 0.06564103 0.09863014
1 0.00752137 0.34520548 0.01504274 0.12602740
1 0.03350427 0.03561644 0.06700855 0.07123288
1 0.33230769 0.07671233 0.08752137 0.15342466
1 0.46905983 0.10958904 0.12034188 0.17534247
1 0.67145299 0.15890411 0.09846154 0.10958904
1 0.78085470 0.90410959 0.16957265 0.12054795
1 0.32683761 0.42191781 0.09846154 0.13150685
1 0.97384615 0.24657534 0.05230769 0.18082192
1 0.15726496 0.37808219 0.16957265 0.13698630
1 0.58393162 0.85479452 0.13128205 0.14794521
1 0.07863248 0.72328767 0.15726496 0.18630137
1 0.55111111 0.48767123 0.19145299 0.13698630
1 0.81914530 0.52602740 0.12034188 0.17534247
