1 0.11042735 0.98630137 0.06564103 0.02739726
1 0.26358974 0.97534247 0.10393162 0.04931507
1 0.79965812 0.61917808 0.08205128 0.09863014
1 0.56991453 0.96986301 0.07111111 0.06027397
1 0.42222222 0.62465753 0.08752137 0.09863014
1 0.97094017 0.61369863 0.05811966 0.10410959
1 0.67931624 0.61917808 0.10393162 0.09863014
1 0.72854701 0.25205479 0.26803419 0.10958904
1 0.43316239 0.97260274 0.12034188 0.05479452
1 0.77777778 0.95616438 0.12581197 0.08767123
1 0.01282051 0.66301370 0.02564103 0.04383562
1 0.18153846 0.65753425 0.15316239 0.05479452
1 0.13777778 0.31232877 0.07111111 0.06027397
