1 0.18564103 0.55342466 0.34461538 0.17534247
1 0.04085470 0.11506849 0.08170940 0.15342466
1 0.42085470 0.95068493 0.21333333 0.09863014
1 0.93196581 0.59178082 0.13606838 0.16438356
1 0.19658120 0.94794521 0.17504274 0.10410959
1 0.42085470 0.15342466 0.15316239 0.12054795
1 0.59589744 0.58082192 0.20786325 0.17534247
1 0.98119658 0.21369863 0.03760684 0.15890411
1 0.71076923 0.18630137 0.14222222 0.16438356
1 0.01350427 0.93698630 0.02700855 0.12602740
1 0.76649573 0.97397260 0.46700855 0.05205479
