1 0.28410256 0.72602740 0.06564103 0.08219178
1 0.98393162 0.38630137 0.03213675 0.06575342
1 0.02854701 0.72054795 0.05709402 0.09863014
1 0.16376068 0.71506849 0.12034188 0.10410959
1 0.02854701 0.03561644 0.05709402 0.07123288
1 0.23487179 0.38082192 0.07111111 0.10958904
1 0.90769231 0.38082192 0.06564103 0.08767123
1 0.97709402 0.04383562 0.04581197 0.08767123
1 0.88034188 0.72054795 0.06564103 0.08219178
1 0.39350427 0.70958904 0.07658120 0.09315068
1 0.12000000 0.36986301 0.09299145 0.12602740
1 0.59042735 0.37534247 0.26803419 0.11506849
