1 0.84000000 0.98356164 0.07111111 0.03287671
1 0.92205128 0.04383562 0.07658120 0.08767123
1 0.92683761 0.69041096 0.14632479 0.12054795
1 0.36410256 0.96712329 0.16957265 0.06575342
1 0.80717949 0.03287671 0.09846154 0.06575342
1 0.71965812 0.98219178 0.10940171 0.03561644
1 0.70324786 0.67945205 0.17504274 0.11506849
1 0.53914530 0.02739726 0.26256410 0.05479452
1 0.25452991 0.29041096 0.50905983 0.16438356
1 0.77367521 0.34520548 0.45264957 0.16986301
1 0.29555556 0.63561644 0.59111111 0.14794521
1 0.49538462 0.97260274 0.08205128 0.05479452
1 0.20000000 0.96027397 0.07658120 0.07945205
