1 0.601709 0.579909 0.037607 0.054795
1 0.197436 0.212329 0.049573 0.054795
1 0.224786 0.864155 0.066667 0.061644
1 0.924786 0.940639 0.054701 0.054795
1 0.826496 0.607306 0.049573 0.054795
1 0.487179 0.891553 0.047863 0.075342
1 0.114530 0.530822 0.054701 0.066210
1 0.104274 0.843607 0.054701 0.066210
1 0.448718 0.557078 0.059829 0.077626
1 0.705983 0.590183 0.088889 0.070776
1 0.014530 0.184932 0.025641 0.073059
1 0.311111 0.541096 0.054701 0.082192
1 0.411111 0.229452 0.186325 0.066210
1 0.418803 0.884703 0.047863 0.075342
1 0.335897 0.881279 0.090598 0.059361
