1 0.785470 0.415525 0.066667 0.077626
1 0.315385 0.075342 0.066667 0.086758
1 0.156410 0.075342 0.070085 0.082192
1 0.011966 0.409817 0.020513 0.093607
1 0.676068 0.408676 0.066667 0.082192
1 0.970940 0.425799 0.058120 0.070776
1 0.977778 0.754566 0.044444 0.066210
1 0.648718 0.085616 0.070085 0.098174
1 0.807692 0.079909 0.141880 0.109589
1 0.594017 0.754566 0.066667 0.098174
1 0.566667 0.415525 0.066667 0.082192
1 0.123932 0.409817 0.131624 0.093607
1 0.435897 0.399543 0.082051 0.109589
1 0.539316 0.098174 0.059829 0.086758
1 0.318803 0.747717 0.394872 0.107306
1 0.029915 0.750000 0.049573 0.070776
1 0.955556 0.075342 0.054701 0.082192
0 0.732479 0.748858 0.080342 0.086758
0 0.794872 0.683790 0.071795 0.198630
1 0.870940 0.429224 0.066667 0.077626
