1 0.04119658 0.95616438 0.08239316 0.08767123
1 0.87282051 0.26849315 0.08752137 0.12602740
1 0.77435897 0.95068493 0.30085470 0.09863014
1 0.76341880 0.27397260 0.09846154 0.14246575
1 0.39692308 0.96438356 0.08205128 0.07123288
1 0.49538462 0.95205479 0.09846154 0.09589041
1 0.56649573 0.64657534 0.09846154 0.13698630
1 0.86735043 0.61917808 0.14222222 0.12054795
1 0.70324786 0.63561644 0.08752137 0.14246575
1 0.23829060 0.94520548 0.20239316 0.10958904
1 0.56649573 0.26301370 0.10940171 0.13698630
1 0.30940171 0.62465753 0.10940171 0.15342466
1 0.23128205 0.27945205 0.46256410 0.17534247
