1 0.04239316 0.97123288 0.07658120 0.05753425
1 0.49094017 0.26027397 0.05470085 0.07671233
1 0.56752137 0.22739726 0.05470085 0.07123288
1 0.30495726 0.97671233 0.07658120 0.04657534
1 0.67692308 0.22739726 0.06564103 0.08219178
1 0.16820513 0.97260274 0.07111111 0.05479452
1 0.89316239 0.21095890 0.21367521 0.13150685
1 0.61128205 0.96712329 0.08205128 0.06575342
1 0.06222222 0.28219178 0.12444444 0.11506849
1 0.21196581 0.28219178 0.07111111 0.09315068
1 0.96290598 0.93835616 0.07418803 0.12328767
