1 0.52820513 0.56164384 0.07658120 0.10410959
1 0.36410256 0.54520548 0.18598291 0.12602740
1 0.03982906 0.90684932 0.07965812 0.12054795
1 0.17264957 0.55616438 0.09846154 0.10958904
1 0.78529915 0.91232877 0.15863248 0.10410959
1 0.43521368 0.20547945 0.09299145 0.12054795
1 0.87282051 0.22191781 0.11487179 0.09863014
1 0.61025641 0.90684932 0.12581197 0.12054795
1 0.85641026 0.56164384 0.18051282 0.10410959
1 0.66495726 0.55068493 0.11487179 0.12054795
1 0.70871795 0.21643836 0.15316239 0.10410959
1 0.39145299 0.89589041 0.22974359 0.13698630
1 0.09059829 0.21643836 0.11487179 0.13698630
1 0.04803419 0.55616438 0.09606838 0.12054795
