1 0.73059829 0.10410959 0.07658120 0.09315068
1 0.13982906 0.07123288 0.09846154 0.10410959
1 0.58837607 0.83287671 0.07111111 0.10410959
1 0.09059829 0.77808219 0.06017094 0.09863014
1 0.25470085 0.78904110 0.09846154 0.10958904
1 0.28205128 0.08219178 0.11487179 0.10958904
1 0.06324786 0.40000000 0.11487179 0.12054795
1 0.93094017 0.13150685 0.13811966 0.12054795
1 0.76888889 0.45479452 0.12034188 0.13150685
1 0.70871795 0.82191781 0.09299145 0.12054795
1 0.61025641 0.09863014 0.11487179 0.12602740
1 0.24923077 0.41095890 0.13675214 0.13150685
1 0.41333333 0.44383562 0.04923077 0.08767123
1 0.40786325 0.09863014 0.04923077 0.08767123
