1 0.23829060 0.24657534 0.22427350 0.08767123
1 0.82358974 0.60273973 0.07658120 0.08219178
1 0.41880342 0.24657534 0.05470085 0.07671233
1 0.73059829 0.60273973 0.07111111 0.09315068
1 0.94735043 0.58082192 0.10529915 0.07671233
1 0.74700855 0.94794521 0.10393162 0.09863014
1 0.82358974 0.23561644 0.26803419 0.10410959
1 0.56649573 0.95205479 0.18051282 0.09589041
1 0.57196581 0.24657534 0.15863248 0.09315068
1 0.92136752 0.94246575 0.15726496 0.11506849
1 0.46256410 0.60821918 0.10940171 0.10410959
1 0.06871795 0.24109589 0.05470085 0.08219178
1 0.23282051 0.96438356 0.04923077 0.07123288
1 0.30393162 0.95890411 0.05470085 0.07671233
1 0.09059829 0.60821918 0.05470085 0.05479452
1 0.28752137 0.59726027 0.05470085 0.07123288
