1 0.82905983 0.05753425 0.08205128 0.09315068
1 0.25470085 0.34794521 0.22427350 0.11506849
1 0.20000000 0.68767123 0.19692308 0.13150685
1 0.06444444 0.03561644 0.12888889 0.07123288
1 0.02888889 0.34794521 0.05777778 0.08767123
1 0.42974359 0.71506849 0.20786325 0.08767123
1 0.56649573 0.73698630 0.04376068 0.07123288
1 0.64854701 0.72054795 0.04923077 0.06575342
1 0.76888889 0.75890411 0.08205128 0.05479452
1 0.93777778 0.75342466 0.12444444 0.08767123
1 0.21641026 0.03835616 0.06564103 0.07671233
1 0.47897436 0.38630137 0.12581197 0.08219178
1 0.79623932 0.39726027 0.08752137 0.09315068
1 0.97470085 0.43561644 0.05059829 0.08767123
1 0.41333333 0.04520548 0.07658120 0.09041096
1 0.52820513 0.05205479 0.06017094 0.08767123
1 0.64854701 0.05205479 0.07111111 0.07671233
1 0.60478632 0.39178082 0.04923077 0.06575342
