1 0.32136752 0.21095890 0.05470085 0.08219178
1 0.43623932 0.56164384 0.05470085 0.08767123
1 0.60581197 0.23287671 0.06017094 0.09315068
1 0.71521368 0.23287671 0.06564103 0.09863014
1 0.47452991 0.92328767 0.04376068 0.09863014
1 0.58393162 0.91780822 0.06564103 0.09863014
1 0.79726496 0.92876712 0.06564103 0.10410959
1 0.74803419 0.57808219 0.06564103 0.09863014
1 0.82461538 0.25479452 0.07111111 0.10958904
1 0.37606838 0.91232877 0.06017094 0.07671233
1 0.89572650 0.60000000 0.09299145 0.07123288
