1 0.99230769 0.10136986 0.01538462 0.16986301
1 0.70564103 0.04657534 0.36102564 0.09315068
1 0.96358974 0.83013699 0.07282051 0.14246575
1 0.98000000 0.48493151 0.04000000 0.09863014
1 0.59623932 0.75342466 0.13675214 0.12054795
1 0.25162393 0.27123288 0.15863248 0.14246575
1 0.41025641 0.32602740 0.12581197 0.18082192
1 0.37196581 0.67671233 0.12581197 0.12054795
1 0.67829060 0.39726027 0.14769231 0.15342466
1 0.37743590 0.00410959 0.14222222 0.00821918
1 0.08205128 0.58356164 0.09846154 0.08219178
1 0.19145299 0.95753425 0.13675214 0.08493151
1 0.18598291 0.64931507 0.09846154 0.09863014
