1 0.19794872 0.48493151 0.06017094 0.08219178
1 0.30735043 0.49589041 0.07658120 0.09863014
1 0.66837607 0.54520548 0.29538462 0.11506849
1 0.78324786 0.86301370 0.41572650 0.10958904
1 0.25264957 0.15068493 0.15316239 0.10958904
1 0.08307692 0.15068493 0.12581197 0.10958904
1 0.92000000 0.54520548 0.09846154 0.12054795
1 0.14957265 0.81369863 0.29914530 0.15342466
1 0.36752137 0.83561644 0.08205128 0.09315068
1 0.46598291 0.86301370 0.09299145 0.14246575
1 0.01965812 0.47945205 0.03931624 0.08219178
1 0.11589744 0.47945205 0.04376068 0.08219178
