1 0.50188034 0.04520548 0.06564103 0.09041096
1 0.84649573 0.49041096 0.07111111 0.11506849
1 0.23931624 0.70410959 0.07658120 0.10958904
1 0.67145299 0.45205479 0.20786325 0.10958904
1 0.03350427 0.95342466 0.06700855 0.09315068
1 0.33230769 1.00000000 0.08752137 0.00000000
1 0.75897436 0.09041096 0.08752137 0.13150685
1 0.96837607 0.90684932 0.06324786 0.16438356
1 0.12444444 0.67671233 0.08205128 0.10958904
1 0.77538462 0.83013699 0.22427350 0.16986301
1 0.56205128 0.77534247 0.21880342 0.16986301
1 0.90119658 0.11780822 0.13675214 0.11506849
1 0.23384615 0.02328767 0.17504274 0.04657534
