1 0.84205128 0.33424658 0.09846154 0.11506849
1 0.24581197 0.64657534 0.28991453 0.11506849
1 0.26512821 0.96438356 0.53025641 0.07123288
1 0.03794872 0.31232877 0.07111111 0.09315068
1 0.78735043 0.01917808 0.14222222 0.03835616
1 0.72717949 0.32328767 0.09299145 0.09863014
1 0.56307692 0.65205479 0.24068376 0.11506849
1 0.78700855 0.95890411 0.42598291 0.08219178
1 0.97572650 0.32876712 0.04854701 0.12054795
1 0.93504274 0.02328767 0.09846154 0.04657534
1 0.17470085 0.31780822 0.10940171 0.09315068
1 0.49196581 0.32328767 0.15316239 0.10958904
1 0.79829060 0.67397260 0.15316239 0.15890411
