1 0.18051282 0.80000000 0.21880342 0.13150685
1 0.71111111 0.81643836 0.11487179 0.15342466
1 0.66188034 0.14246575 0.13675214 0.12054795
1 0.84239316 0.82191781 0.13128205 0.12054795
1 0.70564103 0.47671233 0.19692308 0.10958904
1 0.31726496 0.14794521 0.07658120 0.08767123
1 0.52512821 0.47123288 0.09846154 0.10958904
1 0.36649573 0.47123288 0.15316239 0.09315068
1 0.43213675 0.12602740 0.10940171 0.10958904
1 0.43760684 0.80547945 0.18598291 0.13150685
1 0.87606838 0.14794521 0.24786325 0.14794521
1 0.92119658 0.47123288 0.15760684 0.14246575
