0 0.02136539 0.13355836 0.04273078 0.11187551
0 0.12222468 0.16096088 0.05298894 0.07077523
0 0.03162464 0.84474740 0.06324929 0.09132537
0 0.05042598 0.57876690 0.10085197 0.14383693
0 0.27949008 0.51141436 0.04957210 0.06392986
0 0.21025718 0.01255627 0.05812119 0.02511255
0 0.32307572 0.03424789 0.06837869 0.06849578
0 0.02649414 0.27739529 0.05298828 0.13013918
0 0.17777625 0.10730608 0.03418935 0.03196142
0 0.34359073 0.26484077 0.06153802 0.10045721
0 0.32906218 0.46004603 0.05298894 0.07990707
0 0.51453046 0.15525173 0.04102302 0.05022510
