1 0.30495726 0.10684932 0.04923077 0.05479452
1 0.51829060 0.20000000 0.06564103 0.06575342
1 0.96683761 0.29315068 0.05470085 0.08219178
1 0.04786325 0.08493151 0.05470085 0.07123288
1 0.96427350 0.68219178 0.07145299 0.10410959
1 0.21196581 0.11780822 0.06017094 0.07123288
1 0.14632479 0.47397260 0.06017094 0.10410959
1 0.91213675 0.99041096 0.06564103 0.01917808
1 0.01572650 0.80273973 0.03145299 0.10410959
1 0.03076923 0.45753425 0.06153846 0.09863014
1 0.65504274 0.97397260 0.07111111 0.05205479
1 0.31042735 0.87397260 0.09299145 0.11506849
