1 0.24820513 0.18630137 0.09299145 0.06575342
1 0.77333333 0.85479452 0.22974359 0.23561644
1 0.65299145 0.21369863 0.07111111 0.07671233
1 0.04581197 0.50410959 0.07658120 0.10410959
1 0.45606838 0.84931507 0.09846154 0.12602740
1 0.77880342 0.53150685 0.08752137 0.13698630
1 0.41230769 0.53150685 0.11487179 0.10410959
1 0.25367521 0.51506849 0.12034188 0.10958904
1 0.48888889 0.19726027 0.11487179 0.10958904
1 0.94683761 0.21917808 0.10632479 0.15342466
1 0.05572650 0.87123288 0.11145299 0.14246575
