0 0.97350170 0.32306236 0.05299659 0.16666652
0 0.74786429 0.50913578 0.12478446 0.20091441
0 0.85042533 0.55593819 0.07692078 0.08447299
0 0.95213424 0.08447737 0.09573153 0.11415496
0 0.89914322 0.68264767 0.05128052 0.05022510
0 0.92136665 0.79337995 0.03077251 0.03424789
0 0.86666929 0.93949633 0.09572737 0.07990707
0 0.95213774 0.47032197 0.09572453 0.11415496
0 0.70769548 0.03881425 0.11965921 0.07762849
0 0.03076961 0.36186915 0.06153923 0.06620932
0 0.27692231 0.47602411 0.15042472 0.13470510
0 0.40513061 0.37214422 0.13675039 0.14155047
0 0.83418836 0.11301611 0.07521236 0.08447299
0 0.89572639 0.19634586 0.04786369 0.08219353
0 0.90854652 0.27055079 0.03589776 0.05707748
0 0.76666388 0.32077589 0.06666328 0.11187551
0 0.85127954 0.37899660 0.03077251 0.06392986
0 0.85384916 0.29794630 0.07008711 0.06620932
0 0.84102903 0.21347332 0.06153802 0.05251156
0 0.62478824 0.59588822 0.15214014 0.18721666
0 0.97692204 0.60844975 0.04615592 0.11644142
0 0.31196587 0.73858192 0.11111013 0.12557326
