0 0.47093968 0.70548164 0.06666328 0.08219353
0 0.66410284 0.67237699 0.08717828 0.15753468
0 0.49060048 0.09931573 0.08888670 0.18949611
0 0.56410442 0.11073403 0.04786369 0.07077523
0 0.13333240 0.66894729 0.26666481 0.19178258
0 0.05469971 0.84703211 0.10939941 0.14155047
0 0.64786587 0.27511408 0.14700789 0.13013918
0 0.38376139 0.12556800 0.11111013 0.11415496
0 0.33333508 0.69292011 0.09231054 0.11644142
0 0.71025811 0.47488526 0.11795080 0.10958904
0 0.53504033 0.80137293 0.08546987 0.09589129
0 0.40085257 0.85845041 0.10769329 0.12328679
0 0.96495929 0.23515704 0.03589776 0.05479101
0 0.17777811 0.03652997 0.29059895 0.07305995
0 0.70598006 0.87442762 0.07179553 0.08675945
0 0.78888730 0.83447759 0.08376145 0.07990707
0 0.96410191 0.68949742 0.07179618 0.05936395
0 0.21025904 0.36187353 0.36239448 0.17123244
0 0.90171285 0.08904066 0.17606498 0.08219353
