1 0.80598291 0.78082192 0.38803419 0.14794521
1 0.89914530 0.39178082 0.08752137 0.12602740
1 0.48341880 0.05342466 0.23521368 0.10684932
1 0.69128205 0.05753425 0.12581197 0.11506849
1 0.58188034 0.40273973 0.10940171 0.15890411
1 0.06393162 0.80821918 0.12786325 0.14794521
1 0.42871795 0.80273973 0.16410256 0.14794521
1 0.24820513 0.80821918 0.14769231 0.14794521
1 0.22085470 0.06164384 0.15863248 0.12328767
1 0.04478632 0.41369863 0.08957265 0.14794521
1 0.35760684 0.40273973 0.16410256 0.16986301
1 0.93726496 0.05068493 0.12547009 0.10136986
