1 0.28512821 0.02602740 0.07658120 0.05205479
1 0.41641026 0.02739726 0.13675214 0.05479452
1 0.62974359 0.03698630 0.18051282 0.07397260
1 0.76564103 0.71232877 0.46871795 0.14246575
1 0.03042735 0.31232877 0.06085470 0.10958904
1 0.33435897 0.66301370 0.36102564 0.09863014
1 0.95794872 0.38356164 0.08205128 0.14246575
1 0.17572650 0.31780822 0.07658120 0.09863014
1 0.30700855 0.32876712 0.09846154 0.10958904
1 0.05641026 0.65205479 0.11282051 0.10410959
1 0.88598291 0.05068493 0.22803419 0.10136986
1 0.64068376 0.33972603 0.47042735 0.13150685
1 0.13743590 0.98630137 0.20239316 0.02739726
