1 0.035897 0.267123 0.054701 0.086758
1 0.883761 0.573059 0.191453 0.123288
1 0.822222 0.949772 0.071795 0.095890
1 0.921368 0.948630 0.109402 0.102740
1 0.231624 0.611872 0.087179 0.086758
1 0.571795 0.229452 0.114530 0.098174
1 0.363248 0.250000 0.066667 0.093607
1 0.712821 0.218037 0.037607 0.061644
1 0.834188 0.218037 0.136752 0.098174
1 0.543590 0.954338 0.064957 0.091324
1 0.658974 0.946347 0.087179 0.098174
1 0.389744 0.607306 0.109402 0.109589
1 0.171795 0.251142 0.131624 0.082192
1 0.297436 0.966895 0.235897 0.066210
1 0.057265 0.970320 0.076923 0.059361
1 0.131624 0.614155 0.041026 0.068493
