1 0.70017094 0.86575342 0.06564103 0.06575342
1 0.96273504 0.89863014 0.06017094 0.08219178
1 0.68376068 0.21917808 0.09299145 0.08219178
1 0.50324786 0.21917808 0.07658120 0.07671233
1 0.48136752 0.84931507 0.13675214 0.08219178
1 0.88068376 0.23561644 0.05470085 0.06575342
1 0.04376068 0.17534247 0.07111111 0.09863014
1 0.81504274 0.89315068 0.07111111 0.08219178
1 0.30085470 0.84931507 0.12581197 0.11506849
1 0.15863248 0.18630137 0.08752137 0.09863014
1 0.36649573 0.20273973 0.09299145 0.09863014
1 0.10393162 0.82739726 0.17504274 0.12054795
