0 0.28205314 0.93721600 0.05812119 0.08903890
0 0.48718222 0.94063868 0.05128052 0.05936395
0 0.55469971 0.85958838 0.05298894 0.07077523
0 0.53931695 0.99315244 0.03248093 0.01369512
0 0.80342143 0.97032066 0.03760618 0.03652734
0 0.04358892 0.24999978 0.06324644 0.04794564
0 0.20940341 0.25913162 0.05641277 0.07077523
0 0.50854444 0.17922455 0.05298894 0.05707748
0 0.63333590 0.25570893 0.04957210 0.05936395
0 0.63846116 0.60730564 0.05641277 0.05936395
0 0.08034090 0.01369775 0.05128052 0.02739551
0 0.34102854 0.98744329 0.02222343 0.02511342
