1 0.49880342 0.84931507 0.14769231 0.13150685
1 0.31829060 0.80547945 0.10940171 0.12054795
1 0.20888889 0.03424658 0.12034188 0.06849315
1 0.69025641 0.91506849 0.18051282 0.14246575
1 0.24717949 0.41095890 0.08752137 0.09863014
1 0.36205128 0.42191781 0.14222222 0.15342466
1 0.49333333 0.47671233 0.10393162 0.12602740
1 0.02512821 0.00958904 0.05025641 0.01917808
1 0.89982906 0.58630137 0.20034188 0.15342466
1 0.72854701 0.15342466 0.21880342 0.14246575
1 0.09350427 0.29589041 0.18700855 0.20273973
1 0.66837607 0.52054795 0.19145299 0.13150685
1 0.95452991 0.25205479 0.09094017 0.16986301
1 0.94358974 0.96438356 0.11282051 0.07123288
1 0.35111111 0.06164384 0.08752137 0.12328767
