1 0.41453063 0.94863079 0.06324644 0.10273841
1 0.18376129 0.88812975 0.32991355 0.21004625
1 0.70683799 0.97374510 0.20683750 0.05250981
1 0.02222414 0.12100647 0.04444827 0.10502312
1 0.04530002 0.46803726 0.09060004 0.13241863
1 0.20513050 0.52169205 0.11965921 0.15753468
1 0.47350602 0.59817644 0.22222025 0.17351890
1 0.77777931 0.68379266 0.08205303 0.08903890
1 0.86410338 0.70319956 0.09743579 0.09132537
1 0.10940313 0.14954521 0.05812119 0.09817074
1 0.22051326 0.17351803 0.09572737 0.09589129
1 0.43846247 0.23059551 0.15897381 0.11872088
1 0.63333404 0.29223890 0.06324644 0.06392986
1 0.83760892 0.00799167 0.04786369 0.01598334
1 0.96923077 0.02854005 0.06153846 0.05708011
1 0.98546948 0.73516099 0.02906103 0.07306170
