1 0.29846154 0.13424658 0.10393162 0.09315068
1 0.80717949 0.07945205 0.04923077 0.07671233
1 0.98564103 0.79178082 0.02871795 0.06575342
1 0.99111111 0.08493151 0.01777778 0.06575342
1 0.86735043 0.80273973 0.05470085 0.06575342
1 0.69777778 0.09041096 0.07111111 0.07671233
1 0.91111111 0.07945205 0.08205128 0.06575342
1 0.02615385 0.14520548 0.05230769 0.09863014
1 0.02478632 0.87397260 0.04957265 0.10410959
1 0.13435897 0.13424658 0.10393162 0.09863014
1 0.13982906 0.86301370 0.12581197 0.13698630
1 0.44615385 0.11780822 0.08205128 0.10410959
1 0.64854701 0.83013699 0.21333333 0.10958904
1 0.34769231 0.85753425 0.11487179 0.15342466
