1 0.98888889 0.95616438 0.02222222 0.08767123
1 0.50188034 0.07671233 0.10393162 0.12602740
1 0.27760684 0.41095890 0.07658120 0.10410959
1 0.37059829 0.06301370 0.09846154 0.12602740
1 0.01435897 0.67397260 0.02871795 0.14246575
1 0.95589744 0.56438356 0.08752137 0.14246575
1 0.96974359 0.21369863 0.06051282 0.13698630
1 0.28307692 0.77808219 0.15863248 0.16986301
1 0.51282051 0.82191781 0.16957265 0.17534247
1 0.73162393 0.16986301 0.06017094 0.07671233
1 0.85743590 0.17534247 0.11487179 0.15890411
