1 0.96888889 0.92328767 0.04923077 0.08219178
1 0.16478632 0.49589041 0.06017094 0.08219178
1 0.34529915 0.49589041 0.09299145 0.08219178
1 0.48205128 0.52328767 0.06564103 0.07123288
1 0.31794872 0.15068493 0.20239316 0.09863014
1 0.01128205 0.49041096 0.02256410 0.08767123
1 0.71179487 0.90136986 0.08205128 0.08767123
1 0.58598291 0.89041096 0.09299145 0.09315068
1 0.93059829 0.17260274 0.10940171 0.10958904
1 0.60239316 0.51232877 0.09846154 0.10410959
1 0.83760684 0.52328767 0.19145299 0.10410959
1 0.17025641 0.89041096 0.10393162 0.13150685
1 0.03726496 0.12876712 0.07452991 0.13150685
