1 0.53025641 0.78082192 0.09846154 0.13150685
1 0.03247863 0.17808219 0.06017094 0.10410959
1 0.13094017 0.16164384 0.08752137 0.08767123
1 0.53025641 0.50136986 0.06564103 0.10410959
1 0.65606838 0.46849315 0.13128205 0.11506849
1 0.58495726 0.13972603 0.09846154 0.09315068
1 0.01487179 0.54520548 0.02974359 0.10410959
1 0.89128205 0.47397260 0.06564103 0.12054795
1 0.20205128 0.52876712 0.05470085 0.08219178
1 0.03794872 0.87397260 0.06564103 0.09315068
1 0.12547009 0.89041096 0.06564103 0.09863014
