1 0.23726496 0.50684932 0.07111111 0.07123288
1 0.15521368 0.16712329 0.11487179 0.07671233
1 0.68581197 0.12328767 0.06564103 0.07123288
1 0.81162393 0.11780822 0.05470085 0.07123288
1 0.10598291 0.51780822 0.10393162 0.08219178
1 0.51076923 0.85753425 0.07111111 0.09863014
1 0.40136752 0.86301370 0.07111111 0.09863014
1 0.97145299 0.10136986 0.05709402 0.10958904
1 0.15521368 0.87397260 0.09846154 0.10410959
1 0.02290598 0.89041096 0.04581197 0.10958904
1 0.71316239 0.84109589 0.08205128 0.10410959
1 0.95504274 0.83013699 0.08991453 0.09863014
1 0.94000000 0.48493151 0.12000000 0.08219178
1 0.33572650 0.50684932 0.07658120 0.04931507
1 0.43965812 0.50684932 0.08752137 0.09863014
1 0.61470085 0.49041096 0.08205128 0.06027397
1 0.70769231 0.48493151 0.02735043 0.06027397
