1 0.00290598 0.53972603 0.00581197 0.10958904
1 0.69777778 0.95753425 0.13128205 0.08493151
1 0.07418803 0.55068493 0.07658120 0.10958904
1 0.20547009 0.16164384 0.23521368 0.13698630
1 0.75247863 0.18904110 0.10940171 0.12602740
1 0.09059829 0.94794521 0.09846154 0.10410959
1 0.92752137 0.61095890 0.12034188 0.14794521
1 0.61025641 0.17808219 0.10940171 0.13698630
1 0.93504274 0.20547945 0.12991453 0.13698630
1 0.94393162 0.97123288 0.10940171 0.05753425
1 0.42427350 0.16712329 0.15316239 0.16438356
1 0.38051282 0.95068493 0.32273504 0.09863014
1 0.41880342 0.58356164 0.25162393 0.15890411
1 0.71965812 0.58904110 0.18051282 0.15342466
