1 0.05675214 0.27123288 0.07111111 0.08767123
1 0.87726496 0.87945205 0.07111111 0.08767123
1 0.36307692 0.01095890 0.06017094 0.02191781
1 0.11145299 0.29315068 0.15863248 0.10958904
1 0.76786325 0.46301370 0.07111111 0.07123288
1 0.97555556 0.14520548 0.04888889 0.10410959
1 0.60376068 0.43013699 0.11487179 0.10410959
1 0.39042735 0.38082192 0.12034188 0.10958904
1 0.42324786 0.76986301 0.09846154 0.12054795
1 0.68034188 0.05753425 0.12034188 0.09863014
1 0.96051282 0.51232877 0.07897436 0.10958904
1 0.01470085 0.96164384 0.02940171 0.07671233
1 0.05025641 0.65479452 0.10051282 0.15342466
1 0.85538462 0.08493151 0.10393162 0.09315068
1 0.54358974 0.03013699 0.06564103 0.06027397
