1 0.032479 0.152968 0.061538 0.105023
1 0.932479 0.206621 0.076923 0.070776
1 0.432479 0.859589 0.061538 0.089041
1 0.621368 0.190639 0.066667 0.093607
1 0.123077 0.168950 0.109402 0.114155
1 0.544444 0.872146 0.087179 0.109589
1 0.352991 0.184932 0.121368 0.109589
1 0.293162 0.852740 0.104274 0.121005
1 0.495726 0.190639 0.099145 0.098174
0 0.922222 0.033105 0.104274 0.061644
1 0.167521 0.853881 0.099145 0.155251
1 0.747009 0.207763 0.136752 0.105023
1 0.730769 0.881279 0.223932 0.141553
1 0.969231 0.889269 0.061538 0.107306
