1 0.57538462 0.67945205 0.06564103 0.10410959
1 0.71213675 0.67397260 0.13675214 0.15342466
1 0.90358974 0.64657534 0.10940171 0.16986301
1 0.20341880 0.67945205 0.08752137 0.13150685
1 0.30735043 0.97671233 0.10940171 0.04657534
1 0.37846154 0.69041096 0.22427350 0.17534247
1 0.31282051 0.31780822 0.12581197 0.16986301
1 0.58632479 0.30136986 0.11487179 0.16986301
1 0.92307692 0.28493151 0.15384615 0.20821918
1 0.05111111 0.73972603 0.10222222 0.18082192
1 0.46598291 0.96849315 0.14769231 0.06301370
1 0.93675214 0.93150685 0.12649573 0.13698630
