1 0.00923077 0.83561644 0.01846154 0.07123288
1 0.52170940 0.88493151 0.05470085 0.07123288
1 0.16615385 0.86849315 0.11487179 0.08767123
1 0.84427350 0.44109589 0.31145299 0.13698630
1 0.43965812 0.41369863 0.10940171 0.12602740
1 0.39042735 0.86301370 0.09299145 0.12602740
1 0.70222222 0.89041096 0.20239316 0.12054795
1 0.62017094 0.05753425 0.20239316 0.11506849
1 0.94410256 0.88493151 0.11179487 0.14246575
1 0.93589744 0.06301370 0.12820513 0.12602740
1 0.12239316 0.41917808 0.04376068 0.07671233
