1 0.37299145 0.47123288 0.28991453 0.15342466
1 0.82051282 0.19178082 0.35897436 0.18082192
1 0.79418803 0.85479452 0.11487179 0.13698630
1 0.91350427 0.52054795 0.17299145 0.14246575
1 0.93094017 0.86575342 0.10940171 0.14246575
1 0.08256410 0.76712329 0.16512821 0.15342466
1 0.35111111 0.80547945 0.25709402 0.14246575
1 0.67384615 0.48767123 0.25162393 0.16986301
1 0.56991453 0.83287671 0.12034188 0.13698630
1 0.08393162 0.10958904 0.16786325 0.18630137
1 0.37846154 0.14794521 0.36649573 0.15890411
