1 0.34529915 0.76438356 0.16410256 0.14246575
1 0.02769231 0.43013699 0.05538462 0.12602740
1 0.23008547 0.07671233 0.46017094 0.15342466
1 0.90786325 0.39726027 0.18427350 0.18082192
1 0.63521368 0.39726027 0.31179487 0.14246575
1 0.27965812 0.42465753 0.25162393 0.14794521
1 0.68991453 0.06164384 0.35008547 0.12328767
1 0.64068376 0.76438356 0.39384615 0.18630137
1 0.12752137 0.80821918 0.25504274 0.15890411
1 0.96341880 0.76438356 0.07111111 0.16438356
1 0.97897436 0.05342466 0.04205128 0.10684932
