1 0.05128205 0.90684932 0.07111111 0.07671233
1 0.94837607 0.10684932 0.04923077 0.07123288
1 0.56000000 0.87397260 0.16957265 0.10958904
1 0.37401709 0.17808219 0.04923077 0.06575342
1 0.14427350 0.91232877 0.07111111 0.09863014
1 0.54358974 0.16164384 0.06564103 0.07671233
1 0.97418803 0.83561644 0.05162393 0.08219178
1 0.74598291 0.85753425 0.06017094 0.07671233
1 0.88820513 0.84109589 0.06017094 0.09315068
1 0.07863248 0.19452055 0.14769231 0.11506849
1 0.28102564 0.89041096 0.15863248 0.16986301
