1 0.65299145 0.62465753 0.05470085 0.05479452
1 0.30290598 0.60821918 0.04376068 0.04931507
1 0.90461538 0.98356164 0.05470085 0.03287671
1 0.74051282 0.63013699 0.04923077 0.07123288
1 0.11692308 0.59178082 0.06017094 0.06575342
1 0.08957265 0.25205479 0.08205128 0.07671233
1 0.36307692 0.96027397 0.07111111 0.07945205
1 0.13880342 0.95342466 0.13128205 0.09315068
1 0.46153846 0.61917808 0.06564103 0.07123288
1 0.66393162 0.95479452 0.09846154 0.09041096
1 0.83897436 0.63013699 0.06564103 0.09863014
1 0.30290598 0.23561644 0.08752137 0.11506849
1 0.59282051 0.25753425 0.08205128 0.10410959
