1 0.32683761 0.87123288 0.39931624 0.18630137
1 0.62222222 0.95753425 0.08205128 0.08493151
1 0.09162393 0.02465753 0.15316239 0.04931507
1 0.97521368 0.60821918 0.04957265 0.10958904
1 0.36512821 0.41643836 0.10393162 0.13150685
1 0.91760684 0.21369863 0.10940171 0.12054795
1 0.05880342 0.81643836 0.07658120 0.11506849
1 0.85196581 0.56986301 0.09846154 0.12602740
1 0.77538462 0.97808219 0.13128205 0.04383562
1 0.59487179 0.12602740 0.10940171 0.16438356
1 0.66051282 0.50958904 0.19692308 0.13698630
1 0.18461538 0.38356164 0.17504274 0.14246575
1 0.75350427 0.15890411 0.14222222 0.15890411
1 0.35965812 0.06438356 0.16410256 0.12876712
1 0.03213675 0.33972603 0.06427350 0.09863014
1 0.46905983 0.46575342 0.04923077 0.10958904
