0 0.03675082 0.69406510 0.07350165 0.41096066
0 0.91709560 0.94520679 0.11452696 0.10958641
0 0.91025493 0.70091047 0.09059512 0.11872088
0 0.32991125 0.81392921 0.20171225 0.31278290
0 0.63931679 0.75570849 0.15042472 0.46575167
0 0.79231114 0.83675879 0.05982961 0.16666652
0 0.63846258 0.26712022 0.11452696 0.22374400
0 0.93333290 0.48516208 0.13333421 0.14383693
0 0.12221954 0.87557260 0.08717828 0.14383693
0 0.19914732 0.91780910 0.04615527 0.08219353
0 0.92649890 0.12329030 0.06153802 0.07762762
0 0.95043074 0.34931375 0.06837869 0.07306170
0 0.26751902 0.49200745 0.18974632 0.20319386
0 0.95384758 0.82191781 0.04786369 0.10045721
