1 0.89452991 0.52876712 0.21094017 0.10958904
1 0.27760684 0.52876712 0.12034188 0.07671233
1 0.61128205 0.53424658 0.26256410 0.09863014
1 0.61675214 0.87397260 0.10940171 0.08219178
1 0.98068376 0.88493151 0.03863248 0.10410959
1 0.56205128 0.18356164 0.24068376 0.10410959
1 0.88632479 0.20000000 0.22735043 0.10410959
1 0.13538462 0.21095890 0.07111111 0.06027397
1 0.21743590 0.87397260 0.04923077 0.03835616
1 0.88478632 0.87945205 0.08205128 0.08219178
1 0.41435897 0.53972603 0.10393162 0.07123288
