1 0.36307692 0.11780822 0.08752137 0.07671233
1 0.58188034 0.10136986 0.04376068 0.06027397
1 0.68581197 0.10136986 0.07111111 0.06575342
1 0.16615385 0.47397260 0.08752137 0.09315068
1 0.11145299 0.12876712 0.12034188 0.07671233
1 0.56547009 0.80821918 0.07111111 0.08219178
1 0.81162393 0.09041096 0.08205128 0.08219178
1 0.41777778 0.45753425 0.06564103 0.07671233
1 0.96871795 0.78082192 0.06256410 0.09315068
1 0.83897436 0.79178082 0.12034188 0.08767123
1 0.78974359 0.44657534 0.13128205 0.08767123
1 0.30837607 0.46849315 0.06564103 0.09863014
1 0.91008547 0.44109589 0.03829060 0.05479452
1 0.97555556 0.44109589 0.04888889 0.09863014
1 0.39589744 0.82465753 0.08752137 0.09863014
1 0.26461538 0.83013699 0.10940171 0.10958904
1 0.58188034 0.45205479 0.11487179 0.09863014
1 0.93743590 0.09041096 0.06017094 0.08219178
1 0.99059829 0.07397260 0.01880342 0.07123288
1 0.45059829 0.11232877 0.03829060 0.06027397
1 0.04034188 0.49589041 0.07658120 0.08219178
1 0.11692308 0.84109589 0.04923077 0.08219178
