0 0.38889179 0.64497885 0.10769329 0.18036427
0 0.38205112 0.78538608 0.07008711 0.10045721
0 0.39401704 0.86986608 0.10769329 0.05022510
0 0.55042823 0.71689732 0.06153802 0.06849578
0 0.57350586 0.57876953 0.05982961 0.10730258
0 0.69487349 0.69178126 0.10769329 0.11872088
0 0.53931651 0.25228186 0.09743579 0.12100734
0 0.51709309 0.36301414 0.05982961 0.07762762
0 0.48119532 0.50228515 0.07350395 0.10502312
0 0.45726348 0.19634762 0.03248093 0.05022510
0 0.37179361 0.20890214 0.08717828 0.09817074
0 0.14017006 0.20091353 0.07179553 0.09132537
0 0.27692045 0.14840197 0.09572737 0.11872088
0 0.26666995 0.01484055 0.05128052 0.02968110
0 0.37778008 0.06392767 0.14700789 0.12785534
0 0.62820321 0.06735211 0.12820830 0.13470422
0 0.29060179 0.32876625 0.04444685 0.08219353
0 0.37607166 0.39383233 0.12649288 0.13470510
0 0.39572546 0.30022751 0.08034462 0.04337973
0 0.47777849 0.98173545 0.07692078 0.03652910
0 0.21025718 0.66895167 0.07521236 0.19178258
0 0.04786336 0.51141699 0.09572671 0.15068230
0 0.01452822 0.31849118 0.02905644 0.07534115
0 0.16324770 0.33447540 0.06324644 0.08447299
0 0.28888637 0.82419989 0.04102302 0.04565918
0 0.24016848 0.85844778 0.04273843 0.06392986
