1 0.24136752 0.27671233 0.19145299 0.14246575
1 0.52581197 0.96986301 0.19145299 0.06027397
1 0.05504274 0.25479452 0.11008547 0.11506849
1 0.76102564 0.97534247 0.17504274 0.04931507
1 0.89777778 0.33698630 0.13128205 0.11506849
1 0.07726496 0.61095890 0.14222222 0.12054795
1 0.09880342 0.93835616 0.19760684 0.12328767
1 0.33982906 0.95753425 0.14222222 0.08493151
1 0.49846154 0.62739726 0.28991453 0.12602740
1 0.74461538 0.64931507 0.10393162 0.08219178
1 0.40547009 0.31506849 0.09299145 0.11506849
1 0.53128205 0.30958904 0.06017094 0.09863014
1 0.72273504 0.32602740 0.13128205 0.10410959
1 0.89230769 0.02328767 0.18051282 0.04657534
