1 0.13982906 0.75616438 0.06564103 0.09315068
1 0.92205128 0.14794521 0.08205128 0.08219178
1 0.22735043 0.42191781 0.09846154 0.12602740
1 0.09606838 0.41095890 0.09299145 0.10958904
1 0.51179487 0.44383562 0.37196581 0.12054795
1 0.80170940 0.14246575 0.09846154 0.11506849
1 0.48444444 0.12054795 0.10940171 0.13150685
1 0.02205128 0.07123288 0.04410256 0.13698630
1 0.85094017 0.82191781 0.21880342 0.13150685
1 0.80170940 0.46575342 0.18051282 0.11506849
1 0.25470085 0.09315068 0.12581197 0.13150685
1 0.96512821 0.48767123 0.06974359 0.10958904
1 0.44068376 0.77808219 0.44307692 0.10410959
