1 0.747863 0.092466 0.104274 0.089041
1 0.291453 0.071918 0.087179 0.070776
1 0.051282 0.410959 0.075214 0.082192
1 0.026496 0.067352 0.049573 0.070776
1 0.882906 0.752283 0.131624 0.089041
1 0.029060 0.804795 0.054701 0.093607
1 0.527350 0.424658 0.114530 0.082192
1 0.937607 0.093607 0.087179 0.082192
1 0.601709 0.091324 0.099145 0.086758
1 0.702564 0.434932 0.136752 0.075342
1 0.941880 0.440639 0.112821 0.059361
0 0.381197 0.811644 0.037607 0.061644
1 0.160684 0.730594 0.092308 0.054795
1 0.282906 0.735160 0.087179 0.054795
1 0.720513 0.765982 0.059829 0.066210
1 0.840171 0.099315 0.059829 0.066210
1 0.146154 0.409817 0.059829 0.066210
1 0.253846 0.416667 0.059829 0.066210
1 0.515385 0.745434 0.059829 0.066210
