1 0.97641026 0.83561644 0.04717949 0.07123288
1 0.59179487 0.00273973 0.06017094 0.00547945
1 0.88717949 0.84109589 0.07111111 0.08767123
1 0.26905983 0.34246575 0.04376068 0.06027397
1 0.60273504 0.82465753 0.13675214 0.08219178
1 0.18700855 0.35342466 0.05470085 0.06575342
1 0.12683761 0.78630137 0.08205128 0.11506849
1 0.78871795 0.37534247 0.14222222 0.08219178
1 0.07760684 0.32602740 0.08752137 0.12054795
1 0.46598291 0.36438356 0.13675214 0.10410959
1 0.77777778 0.00958904 0.05470085 0.01917808
1 0.85982906 0.01780822 0.07658120 0.03561644
