1 0.01965812 0.87671233 0.03931624 0.11506849
1 0.66290598 0.67945205 0.10393162 0.14246575
1 0.90358974 0.03150685 0.09846154 0.06301370
1 0.59726496 0.99178082 0.08205128 0.01643836
1 0.71213675 0.98904110 0.12581197 0.02191781
1 0.00051282 0.50958904 0.00102564 0.13150685
1 0.04564103 0.14246575 0.09128205 0.10958904
1 0.94495726 0.76164384 0.11008547 0.16986301
1 0.70119658 0.32328767 0.14222222 0.14246575
1 0.07760684 0.53698630 0.11487179 0.10410959
1 0.30735043 0.60821918 0.04376068 0.08219178
1 0.40034188 0.60273973 0.07111111 0.08767123
1 0.44957265 0.96712329 0.04376068 0.06575342
