0 0.78888774 0.18835551 0.26154185 0.37671101
0 0.55982682 0.25799014 0.19657999 0.13698455
0 0.55043052 0.63584614 0.11624238 0.15296877
0 0.86923236 0.95319627 0.10085262 0.09360745
0 0.80769433 0.45890455 0.13504197 0.10045721
0 0.39572775 0.73743956 0.11111013 0.15068230
0 0.37948379 0.93378937 0.08546987 0.13242126
0 0.69829262 0.75000110 0.08376145 0.10273666
0 0.67436078 0.97488438 0.07350395 0.05023123
0 0.30684105 0.24314915 0.05298894 0.13470510
0 0.32478643 0.47945468 0.08888670 0.30593753
0 0.39231092 0.32534268 0.06666328 0.09817074
0 0.32307802 0.07077786 0.09914421 0.14155573
0 0.57607078 0.06050104 0.12307605 0.12100208
0 0.93418732 0.65410981 0.13162535 0.31734882
0 0.95726485 0.24314915 0.08205303 0.07534115
0 0.67265236 0.88698564 0.06324644 0.07990707
0 0.59743300 0.36529973 0.06324644 0.10958904
