1 0.06495726 0.80273973 0.12991453 0.10410959
1 0.54564103 0.45753425 0.27350427 0.12054795
1 0.89025641 0.48493151 0.09299145 0.10958904
1 0.54017094 0.10684932 0.12034188 0.12054795
1 0.19555556 0.09589041 0.28444444 0.13698630
1 0.12991453 0.45205479 0.16410256 0.12054795
1 0.69333333 0.85753425 0.09299145 0.07671233
1 0.83555556 0.83561644 0.18598291 0.10958904
1 0.81367521 0.10684932 0.10393162 0.12602740
1 0.20649573 0.81369863 0.07111111 0.12602740
1 0.51282051 0.83013699 0.13675214 0.08219178
1 0.28854701 0.46301370 0.08752137 0.09863014
