1 0.09709402 0.89315068 0.08752137 0.10410959
1 0.59487179 0.48767123 0.26256410 0.11506849
1 0.22290598 0.88767123 0.09299145 0.09863014
1 0.07316239 0.54246575 0.14632479 0.10958904
1 0.69880342 0.83835616 0.17504274 0.12054795
1 0.97247863 0.81095890 0.05504274 0.12602740
1 0.37606838 0.87123288 0.14222222 0.10958904
1 0.96427350 0.43287671 0.07145299 0.13150685
1 0.76991453 0.08219178 0.11487179 0.13698630
1 0.27213675 0.50410959 0.06564103 0.09863014
1 0.31589744 0.13698630 0.06564103 0.08767123
1 0.44170940 0.15342466 0.06017094 0.09315068
1 0.91760684 0.06575342 0.03829060 0.07671233
1 0.19008547 0.15342466 0.14769231 0.08767123
1 0.39247863 0.50410959 0.07658120 0.16438356
1 0.57846154 0.13150685 0.09846154 0.10410959
