1 0.47692308 0.15616438 0.09846154 0.09863014
1 0.49333333 0.87397260 0.09846154 0.07671233
1 0.97504274 0.82465753 0.04991453 0.08219178
1 0.90905983 0.47397260 0.16410256 0.12054795
1 0.59726496 0.13972603 0.09299145 0.12054795
1 0.53162393 0.50136986 0.39931624 0.11506849
1 0.12136752 0.52328767 0.06017094 0.07123288
1 0.21982906 0.53424658 0.10940171 0.08767123
1 0.05572650 0.18904110 0.10393162 0.10410959
1 0.27452991 0.87945205 0.06017094 0.06575342
1 0.61367521 0.87397260 0.04376068 0.07671233
1 0.67931624 0.86301370 0.05470085 0.09315068
1 0.84341880 0.85205479 0.07658120 0.07671233
