1 0.61025641 0.08493151 0.06564103 0.07671233
1 0.10153846 0.11780822 0.20239316 0.07671233
1 0.69777778 0.07397260 0.06564103 0.08219178
1 0.96923077 0.05753425 0.06153846 0.07671233
1 0.87829060 0.06849315 0.06564103 0.07123288
1 0.22735043 0.45205479 0.09846154 0.09863014
1 0.82905983 0.78082192 0.07111111 0.09863014
1 0.36957265 0.10684932 0.19145299 0.07671233
1 0.41333333 0.80273973 0.14769231 0.11506849
1 0.65401709 0.78630137 0.18598291 0.09863014
1 0.40786325 0.45205479 0.20239316 0.09863014
1 0.03025641 0.47945205 0.06051282 0.10958904
1 0.22735043 0.80821918 0.16957265 0.12602740
1 0.93094017 0.42465753 0.13811966 0.06575342
