1 0.64102564 0.37534247 0.07658120 0.10958904
1 0.78871795 0.38082192 0.14222222 0.13150685
1 0.14324786 0.97260274 0.10940171 0.05479452
1 0.68478632 0.04931507 0.19145299 0.09863014
1 0.29641026 0.03698630 0.19145299 0.07397260
1 0.67384615 0.70410959 0.10393162 0.10958904
1 0.41128205 0.68767123 0.30085470 0.10958904
1 0.10170940 0.32602740 0.20341880 0.09863014
1 0.93401709 0.73698630 0.13196581 0.13150685
1 0.52068376 0.05753425 0.09846154 0.09863014
1 0.43316239 0.37534247 0.09299145 0.13150685
