0 0.03418831 0.71004493 0.06837662 0.11872088
0 0.01367680 0.29794805 0.02735360 0.07990707
0 0.25127877 0.83105227 0.07862920 0.07306170
0 0.35726364 0.95091638 0.04444685 0.06620932
0 0.24444510 0.51141699 0.09914421 0.13698455
0 0.12649430 0.45205304 0.08205303 0.13698455
0 0.07350537 0.56278532 0.05469735 0.07534115
0 0.28889195 0.69520395 0.06153802 0.07077523
0 0.37264640 0.09474937 0.10256104 0.18949874
0 0.15298877 0.02511386 0.05982961 0.05022773
0 0.15641261 0.16095649 0.05982961 0.09360482
0 0.50085470 0.40639386 0.04102302 0.05936395
