1 0.85094017 0.55342466 0.06564103 0.10958904
1 0.73606838 0.55342466 0.07658120 0.10410959
1 0.95555556 0.54794521 0.08888889 0.10410959
1 0.12341880 0.60821918 0.07658120 0.09315068
1 0.23829060 0.60821918 0.07111111 0.09863014
1 0.23829060 0.25753425 0.08752137 0.10958904
1 0.98017094 0.90410959 0.03965812 0.09863014
1 0.48444444 0.56986301 0.05470085 0.09863014
1 0.62666667 0.54794521 0.06564103 0.11506849
1 0.46256410 0.22465753 0.09299145 0.09863014
1 0.35316239 0.59178082 0.08205128 0.10958904
1 0.62666667 0.21917808 0.15316239 0.12054795
1 0.88376068 0.19726027 0.10940171 0.10958904
1 0.73059829 0.93150685 0.22427350 0.09315068
1 0.07965812 0.25205479 0.15863248 0.07671233
1 0.05777778 0.97397260 0.10393162 0.05205479
1 0.30940171 0.95342466 0.05470085 0.09315068
1 0.42427350 0.94794521 0.09299145 0.08219178
