1 0.421368 0.423516 0.049573 0.070776
1 0.549573 0.422374 0.186325 0.082192
1 0.418803 0.752283 0.102564 0.098174
1 0.293162 0.752283 0.104274 0.093607
1 0.772650 0.440639 0.129915 0.091324
1 0.304274 0.423516 0.099145 0.089041
1 0.687179 0.762557 0.174359 0.109589
1 0.955556 0.773973 0.054701 0.082192
1 0.479487 0.099315 0.323077 0.098174
1 0.101709 0.094749 0.042735 0.070776
1 0.703419 0.094749 0.076923 0.066210
1 0.545299 0.757991 0.071795 0.114155
1 0.183761 0.440639 0.087179 0.050228
1 0.953846 0.440639 0.068376 0.068493
1 0.844444 0.109589 0.126496 0.050228
