1 0.78871795 0.91780822 0.10940171 0.10410959
1 0.13777778 0.59452055 0.07111111 0.08219178
1 0.90905983 0.92328767 0.09299145 0.08767123
1 0.95589744 0.58356164 0.08820513 0.08219178
1 0.26905983 0.92328767 0.07658120 0.09863014
1 0.48786325 0.59452055 0.09846154 0.08767123
1 0.62461538 0.91780822 0.22974359 0.12054795
1 0.37846154 0.92876712 0.07658120 0.10410959
1 0.69572650 0.22739726 0.08205128 0.06575342
1 0.90358974 0.23835616 0.09299145 0.08219178
1 0.47692308 0.23287671 0.14222222 0.12054795
1 0.07213675 0.23287671 0.10940171 0.11506849
1 0.12136752 0.91780822 0.10393162 0.12054795
