1 0.14632479 0.13150685 0.04923077 0.06575342
1 0.22290598 0.11506849 0.04923077 0.07671233
1 0.01299145 0.13150685 0.02598291 0.07671233
1 0.96290598 0.75616438 0.07418803 0.08767123
1 0.60581197 0.43835616 0.07111111 0.08767123
1 0.79179487 0.77808219 0.07111111 0.09863014
1 0.38700855 0.12602740 0.02735043 0.06027397
1 0.48547009 0.09315068 0.06017094 0.08767123
1 0.02803419 0.47671233 0.05606838 0.09863014
1 0.66051282 0.08767123 0.07658120 0.10958904
1 0.70974359 0.42739726 0.08752137 0.09863014
1 0.29948718 0.81095890 0.10393162 0.09863014
1 0.90666667 0.42191781 0.12581197 0.11506849
1 0.47452991 0.79452055 0.10940171 0.10410959
