1 0.770085 0.075342 0.070085 0.100457
1 0.044444 0.333333 0.085470 0.118721
1 0.742735 0.719178 0.367521 0.082192
1 0.081197 0.662100 0.097436 0.100457
1 0.971795 0.079909 0.052991 0.082192
1 0.490598 0.689498 0.082051 0.086758
1 0.858120 0.069635 0.102564 0.098174
1 0.060684 0.968037 0.117949 0.063927
1 0.267521 0.678082 0.251282 0.100457
1 0.792308 0.399543 0.285470 0.086758
1 0.235897 0.340183 0.276923 0.109589
1 0.649573 0.059361 0.092308 0.109589
1 0.551282 0.365297 0.179487 0.109589
1 0.507692 0.052511 0.119658 0.100457
1 0.237607 0.029680 0.300855 0.054795
1 0.207692 0.972603 0.104274 0.054795
