1 0.87384615 0.40547945 0.08205128 0.09315068
1 0.39247863 0.42191781 0.07111111 0.07671233
1 0.85196581 0.80000000 0.11487179 0.08219178
1 0.93145299 0.02739726 0.13709402 0.05479452
1 0.27760684 0.42191781 0.07111111 0.10410959
1 0.96837607 0.40000000 0.06324786 0.12602740
1 0.69880342 0.80547945 0.09846154 0.10958904
1 0.02119658 0.04109589 0.04239316 0.08219178
1 0.76444444 0.02054795 0.08205128 0.04109589
1 0.52376068 0.42739726 0.09846154 0.10410959
1 0.37059829 0.82739726 0.09846154 0.08767123
1 0.45811966 0.03561644 0.13128205 0.07123288
