1 0.40341880 0.83835616 0.06564103 0.06575342
1 0.45811966 0.10958904 0.11487179 0.08767123
1 0.64957265 0.82191781 0.04923077 0.07671233
1 0.96837607 0.07671233 0.06324786 0.09863014
1 0.79179487 0.80547945 0.12581197 0.12054795
1 0.15726496 0.12054795 0.06564103 0.09863014
1 0.71521368 0.07671233 0.08205128 0.12054795
1 0.60581197 0.08767123 0.08205128 0.10958904
1 0.21196581 0.83835616 0.07111111 0.08219178
1 0.06974359 0.84931507 0.08205128 0.08219178
1 0.88769231 0.78904110 0.22461538 0.15890411
