1 0.78632479 0.52602740 0.09299145 0.06575342
1 0.95470085 0.87123288 0.09059829 0.10410959
1 0.43076923 0.52602740 0.12034188 0.08767123
1 0.22290598 0.18082192 0.06564103 0.08219178
1 0.07521368 0.52602740 0.09846154 0.08219178
1 0.96700855 0.19178082 0.06598291 0.10410959
1 0.43623932 0.17534247 0.06564103 0.08219178
1 0.69333333 0.18630137 0.08752137 0.09863014
1 0.55658120 0.18630137 0.06017094 0.08767123
1 0.86290598 0.18630137 0.07111111 0.09315068
1 0.17914530 0.84931507 0.26256410 0.09863014
1 0.57846154 0.52602740 0.08752137 0.08219178
1 0.95606838 0.52602740 0.08786325 0.09863014
1 0.81914530 0.86027397 0.09299145 0.11506849
1 0.66051282 0.85479452 0.10940171 0.10958904
1 0.45264957 0.85479452 0.15316239 0.10958904
1 0.17367521 0.52054795 0.04923077 0.07123288
1 0.27213675 0.52602740 0.13675214 0.07123288
