1 0.08717949 0.05479452 0.06017094 0.09863014
1 0.99076923 0.29041096 0.01846154 0.11506849
1 0.53025641 0.14794521 0.06564103 0.13698630
1 0.63965812 0.19178082 0.13128205 0.12054795
1 0.85846154 0.23561644 0.15863248 0.13150685
1 0.37709402 0.10958904 0.08205128 0.11506849
1 0.73264957 0.60821918 0.10940171 0.11506849
1 0.04495726 0.43835616 0.08991453 0.10958904
1 0.44273504 0.53150685 0.08205128 0.10958904
1 0.53572650 0.91506849 0.10940171 0.11506849
1 0.00940171 0.03972603 0.01880342 0.07945205
1 0.09811966 0.78904110 0.12034188 0.14246575
1 0.76547009 0.96164384 0.07111111 0.07671233
1 0.87487179 0.96849315 0.07111111 0.06301370
1 0.26769231 0.83287671 0.12034188 0.08219178
