1 0.02034188 0.71232877 0.04068376 0.09315068
1 0.48102564 0.75068493 0.06017094 0.08219178
1 0.22940171 0.72876712 0.06017094 0.09863014
1 0.10358974 0.70684932 0.10393162 0.11506849
1 0.16923077 0.03424658 0.05470085 0.06849315
1 0.63418803 0.77260274 0.08205128 0.10958904
1 0.14188034 0.40000000 0.07111111 0.09863014
1 0.63418803 0.42739726 0.08752137 0.11506849
1 0.89128205 0.44383562 0.12034188 0.10410959
1 0.05982906 0.04246575 0.07658120 0.08493151
1 0.49743590 0.06027397 0.12034188 0.12054795
1 0.94153846 0.78904110 0.11692308 0.13698630
