1 0.58290631 0.01826630 0.25640960 0.03653260
1 0.36154027 0.24086970 0.27179236 0.18493019
1 0.63247841 0.31164493 0.20854591 0.17123244
1 0.86153934 0.36986564 0.21880342 0.16895299
1 0.99743819 0.44178411 0.00512361 0.15296877
1 0.17692619 0.56507090 0.20683750 0.16666652
1 0.40170907 0.61758247 0.15726539 0.14840285
1 0.58034369 0.68379178 0.12478446 0.14840285
1 0.71538565 0.71233052 0.11795080 0.11872088
1 0.88717960 0.76027616 0.19487158 0.13241863
1 0.82478736 0.03767321 0.21025433 0.07534641
1 0.96923181 0.05479540 0.06153638 0.10959079
1 0.04871789 0.13584658 0.09401895 0.09360482
