1 0.72307692 0.96438356 0.12581197 0.07123288
1 0.85435897 0.96849315 0.08752137 0.06301370
1 0.25264957 0.63561644 0.08752137 0.09315068
1 0.94085470 0.32328767 0.11829060 0.10410959
1 0.89162393 0.02328767 0.21675214 0.04657534
1 0.96820513 0.66301370 0.06358974 0.10958904
1 0.57538462 0.64657534 0.35555556 0.12054795
1 0.13863248 0.93698630 0.27726496 0.12602740
1 0.46051282 0.95753425 0.25709402 0.08493151
1 0.45504274 0.29589041 0.17504274 0.11506849
1 0.06888889 0.60273973 0.13777778 0.13150685
1 0.20888889 0.27397260 0.19692308 0.10958904
1 0.68478632 0.30684932 0.21880342 0.10410959
