1 0.04683761 0.54520548 0.06564103 0.07123288
1 0.98290598 0.93424658 0.03418803 0.08219178
1 0.33128205 0.56712329 0.05470085 0.07123288
1 0.03982906 0.87397260 0.07965812 0.09863014
1 0.24376068 0.54520548 0.06564103 0.08219178
1 0.74700855 0.24383562 0.07111111 0.09315068
1 0.91111111 0.92876712 0.06017094 0.08767123
1 0.07418803 0.20000000 0.07111111 0.08767123
1 0.60478632 0.57260274 0.15863248 0.08219178
1 0.35316239 0.87945205 0.07111111 0.08219178
1 0.45709402 0.89589041 0.07111111 0.08219178
1 0.44615385 0.56164384 0.07658120 0.10958904
1 0.16717949 0.88493151 0.09846154 0.10410959
1 0.88376068 0.26027397 0.10940171 0.10410959
1 0.82358974 0.60000000 0.12581197 0.12054795
1 0.55008547 0.22739726 0.16410256 0.12054795
1 0.22735043 0.20547945 0.14222222 0.11506849
