1 0.48000000 0.26849315 0.07111111 0.09863014
1 0.02803419 0.95342466 0.05606838 0.07671233
0 0.78632479 0.38356164 0.08205128 0.12054795
1 0.78632479 0.25753425 0.09299145 0.08767123
1 0.87931624 0.94520548 0.15316239 0.10958904
1 0.18461538 0.93698630 0.19145299 0.09315068
1 0.58940171 0.26849315 0.09299145 0.13150685
1 0.29401709 0.27945205 0.07658120 0.10958904
1 0.19008547 0.60821918 0.29538462 0.11506849
1 0.91230769 0.61917808 0.17538462 0.10958904
1 0.54017094 0.61917808 0.10393162 0.12054795
1 0.70974359 0.62465753 0.14769231 0.14794521
1 0.44717949 0.94657534 0.07111111 0.10684932
1 0.64957265 0.94520548 0.20786325 0.10958904
1 0.34871795 0.93698630 0.09846154 0.09863014
