1 0.25128205 0.51780822 0.06017094 0.06575342
1 0.62871795 0.53972603 0.16957265 0.07123288
1 0.13641026 0.51232877 0.09846154 0.08219178
1 0.78188034 0.54520548 0.12581197 0.07123288
1 0.04888889 0.49589041 0.08752137 0.08767123
1 0.71076923 0.85753425 0.08205128 0.07671233
1 0.34974359 0.51232877 0.12034188 0.09315068
1 0.89641026 0.86849315 0.20717949 0.09315068
1 0.04769231 0.80821918 0.09538462 0.08219178
1 0.29504274 0.83561644 0.32820513 0.10410959
1 0.57948718 0.84657534 0.15316239 0.10958904
