1 0.98427350 0.86027397 0.03145299 0.08767123
1 0.96034188 0.44931507 0.06564103 0.08219178
1 0.44615385 0.08767123 0.07111111 0.11506849
1 0.69777778 0.45479452 0.09846154 0.13698630
1 0.81264957 0.46575342 0.09846154 0.12054795
1 0.06307692 0.87671233 0.12615385 0.11506849
1 0.61025641 0.07123288 0.16410256 0.13150685
1 0.42974359 0.47123288 0.08752137 0.12054795
1 0.26564103 0.09315068 0.21880342 0.17534247
1 0.91111111 0.06712329 0.12034188 0.13424658
1 0.11247863 0.48767123 0.13128205 0.14246575
