1 0.29504274 0.47671233 0.08752137 0.12602740
1 0.04888889 0.77260274 0.06564103 0.12602740
1 0.12547009 0.79452055 0.08205128 0.13698630
1 0.42085470 0.88767123 0.09299145 0.13150685
1 0.63965812 0.92054795 0.10940171 0.15342466
1 0.82017094 0.94657534 0.16957265 0.10684932
1 0.15829060 0.05479452 0.04923077 0.08219178
1 0.08717949 0.41643836 0.07658120 0.12602740
1 0.40991453 0.50410959 0.07658120 0.10410959
1 0.89675214 0.63013699 0.11487179 0.09315068
1 0.37162393 0.09315068 0.05470085 0.08767123
1 0.67247863 0.56438356 0.05470085 0.09315068
1 0.48649573 0.12054795 0.04923077 0.06027397
1 0.78188034 0.59178082 0.07658120 0.07671233
1 0.56854701 0.15342466 0.04923077 0.08219178
