1 0.64957265 0.90958904 0.04376068 0.07123288
1 0.50735043 0.55890411 0.04923077 0.06575342
1 0.09709402 0.18082192 0.04923077 0.08219178
1 0.56752137 0.89863014 0.04923077 0.07123288
1 0.74803419 0.89863014 0.05470085 0.08219178
1 0.04786325 0.55890411 0.06564103 0.10958904
1 0.17914530 0.16438356 0.06017094 0.10410959
1 0.21743590 0.91506849 0.05470085 0.09315068
1 0.40888889 0.90958904 0.06017094 0.09863014
1 0.62769231 0.15890411 0.08205128 0.10958904
1 0.51829060 0.16986301 0.09299145 0.10958904
1 0.30495726 0.15890411 0.09846154 0.09863014
1 0.87384615 0.12602740 0.13675214 0.13698630
