1 0.59589744 0.40547945 0.22974359 0.11506849
1 0.48102564 0.76712329 0.26803419 0.10958904
1 0.71623932 0.78356164 0.07658120 0.10410959
1 0.94837607 0.06575342 0.10324786 0.12602740
1 0.50837607 0.07671233 0.08752137 0.10958904
1 0.02444444 0.78356164 0.04888889 0.06575342
1 0.10905983 0.77808219 0.07111111 0.10410959
1 0.38803419 0.07671233 0.07658120 0.10410959
1 0.27316239 0.78904110 0.08205128 0.10410959
1 0.37709402 0.42739726 0.07111111 0.10958904
1 0.22940171 0.43835616 0.09846154 0.10958904
1 0.20752137 0.07123288 0.22427350 0.10958904
1 0.74358974 0.07671233 0.14769231 0.12054795
1 0.82564103 0.42191781 0.15316239 0.12054795
1 0.90324786 0.76164384 0.19350427 0.13150685
