1 0.89128205 0.74794521 0.08752137 0.11506849
1 0.95384615 0.36438356 0.09230769 0.11506849
1 0.80376068 0.99726027 0.11487179 0.00547945
1 0.30051282 0.58904110 0.12034188 0.12054795
1 0.02717949 0.50136986 0.05435897 0.15342466
1 0.48102564 0.26027397 0.15316239 0.13698630
1 0.22393162 0.18356164 0.08205128 0.06027397
1 0.15829060 0.53424658 0.06017094 0.08219178
1 0.76547009 0.01369863 0.07111111 0.02739726
1 0.87487179 0.02328767 0.07111111 0.04657534
1 0.53572650 0.63835616 0.07111111 0.10410959
