1 0.06598291 0.51506849 0.13196581 0.13150685
1 0.21948718 0.57534247 0.10940171 0.13150685
1 0.36170940 0.23013699 0.11487179 0.10410959
1 0.17025641 0.92602740 0.11487179 0.12602740
1 0.04000000 0.88219178 0.08000000 0.13150685
1 0.37811966 0.95753425 0.18598291 0.08493151
1 0.01811966 0.12602740 0.03623932 0.09863014
1 0.47111111 0.25753425 0.08205128 0.12054795
1 0.60239316 0.30136986 0.07111111 0.10958904
1 0.70085470 0.32876712 0.07658120 0.11506849
1 0.85948718 0.36164384 0.07111111 0.10958904
1 0.48205128 0.63013699 0.06017094 0.10958904
1 0.67350427 0.70684932 0.25162393 0.11506849
1 0.90871795 0.74520548 0.08205128 0.10958904
1 0.88683761 0.02054795 0.08752137 0.04109589
