1 0.14324786 0.02739726 0.10940171 0.05479452
1 0.06666667 0.70684932 0.09299145 0.10410959
1 0.34017094 0.72328767 0.09846154 0.11506849
1 0.85982906 0.07123288 0.15316239 0.12054795
1 0.69572650 0.39452055 0.12581197 0.12054795
1 0.93811966 0.41643836 0.12376068 0.11506849
1 0.52068376 0.06027397 0.43213675 0.12054795
1 0.56444444 0.74520548 0.23521368 0.13150685
1 0.75042735 0.75616438 0.08205128 0.11506849
1 0.18700855 0.36712329 0.10940171 0.10410959
1 0.47145299 0.37260274 0.08205128 0.09863014
