1 0.56547009 0.35616438 0.05470085 0.06575342
1 0.01470085 0.75616438 0.02940171 0.08219178
1 0.08957265 0.74520548 0.09846154 0.10410959
1 0.17709402 0.37260274 0.23521368 0.09863014
1 0.92649573 0.31232877 0.04376068 0.07123288
1 0.97965812 0.33424658 0.04068376 0.07671233
1 0.71316239 0.34520548 0.04376068 0.06575342
1 0.44512821 0.72328767 0.04923077 0.06575342
1 0.52717949 0.71780822 0.05470085 0.06027397
1 0.76786325 0.70136986 0.03829060 0.07671233
1 0.83350427 0.69041096 0.05470085 0.05479452
1 0.95931624 0.70136986 0.04923077 0.08767123
1 0.42871795 0.03561644 0.05470085 0.07123288
1 0.53811966 0.02602740 0.08752137 0.05205479
1 0.09128205 0.04109589 0.18256410 0.08219178
