1 0.20102564 0.41369863 0.27350427 0.13698630
1 0.64410256 0.39178082 0.07658120 0.13150685
1 0.85743590 0.36438356 0.25709402 0.12054795
1 0.20102564 0.75342466 0.07111111 0.08219178
1 0.02598291 0.05205479 0.04923077 0.07123288
1 0.11897436 0.05205479 0.10393162 0.09315068
1 0.01709402 0.77534247 0.03418803 0.08219178
1 0.32136752 0.03698630 0.04376068 0.07397260
1 0.43076923 0.03561644 0.08205128 0.07123288
1 0.51282051 0.40273973 0.09846154 0.12054795
1 0.49094017 0.73698630 0.22427350 0.09315068
1 0.68239316 0.03287671 0.30632479 0.06575342
1 0.86307692 0.72602740 0.27384615 0.12054795
1 0.23384615 0.04109589 0.09299145 0.05479452
1 0.33230769 0.74794521 0.04923077 0.06575342
