0 0.17521362 0.57191978 0.09743579 0.13470510
0 0.40256613 0.18378871 0.10769329 0.15296877
0 0.10085547 0.06506784 0.08888670 0.10730258
0 0.04957495 0.79566378 0.07862920 0.11644142
0 0.60684100 0.49200570 0.08888670 0.13470510
0 0.08718113 0.96575299 0.05128052 0.06392986
0 0.15726824 0.99201008 0.03077251 0.01597984
0 0.21111138 0.92123003 0.09743579 0.15753468
0 0.26153770 0.79794323 0.05469735 0.07077523
0 0.41367784 0.71232701 0.05469735 0.09132537
0 0.41965730 0.48972625 0.05641277 0.09817074
0 0.01965697 0.16781151 0.03931394 0.05707748
0 0.32051309 0.41209863 0.09743579 0.14383693
0 0.19402021 0.28995507 0.05641277 0.05022510
0 0.16581032 0.17580011 0.10598488 0.15524822
