1 0.45504274 0.42465753 0.08205128 0.07671233
1 0.03606838 0.05342466 0.07213675 0.10684932
1 0.98324786 0.06301370 0.03350427 0.10958904
1 0.00735043 0.40273973 0.01470085 0.11506849
1 0.14324786 0.03424658 0.09846154 0.06849315
1 0.20888889 0.41369863 0.26803419 0.11506849
1 0.37846154 0.03972603 0.26256410 0.07945205
1 0.61914530 0.04520548 0.11487179 0.09041096
1 0.77777778 0.05342466 0.12034188 0.10684932
1 0.02102564 0.80821918 0.04205128 0.11506849
1 0.46598291 0.84657534 0.08752137 0.14246575
1 0.57538462 0.85205479 0.06564103 0.09315068
1 0.55897436 0.43561644 0.07658120 0.11506849
1 0.69572650 0.44657534 0.04923077 0.07123288
1 0.80512821 0.44657534 0.09846154 0.06027397
