1 0.66256410 0.96438356 0.60170940 0.07123288
1 0.07179487 0.72602740 0.08205128 0.09315068
1 0.40547009 0.02602740 0.07658120 0.05205479
1 0.54222222 0.01917808 0.09846154 0.03835616
1 0.20854701 0.70958904 0.08205128 0.08219178
1 0.28512821 0.35342466 0.12034188 0.08767123
1 0.02632479 0.03698630 0.05264957 0.07397260
1 0.47658120 0.69315068 0.36102564 0.14794521
1 0.46017094 0.34794521 0.13675214 0.10958904
1 0.88136752 0.65479452 0.19145299 0.11506849
1 0.65709402 0.33150685 0.15863248 0.09863014
1 0.20307692 0.03287671 0.16957265 0.06575342
1 0.89692308 0.30958904 0.20615385 0.14794521
