1 0.04923077 0.80273973 0.09299145 0.14246575
1 0.68376068 0.95068493 0.09846154 0.09863014
1 0.71111111 0.59452055 0.07111111 0.10410959
1 0.26803419 0.85205479 0.08205128 0.09863014
1 0.50871795 0.18904110 0.13675214 0.13698630
1 0.12581197 0.07671233 0.14769231 0.15342466
1 0.85333333 0.96712329 0.15316239 0.06575342
1 0.04376068 0.45205479 0.07111111 0.13698630
1 0.14222222 0.44657534 0.06564103 0.11506849
1 0.46495726 0.55616438 0.07111111 0.10958904
1 0.66735043 0.21095890 0.04923077 0.07671233
