1 0.370940 0.028539 0.242735 0.052511
1 0.855556 0.046804 0.288889 0.089041
1 0.602564 0.964612 0.169231 0.070776
1 0.545299 0.339041 0.099145 0.102740
1 0.615385 0.036530 0.109402 0.068493
1 0.555556 0.673516 0.218803 0.136986
1 0.182906 0.651826 0.099145 0.139269
1 0.320513 0.666667 0.104274 0.136986
1 0.111966 0.300228 0.220513 0.121005
1 0.747863 0.344749 0.223932 0.109589
1 0.907692 0.705479 0.184615 0.168950
1 0.117949 0.955479 0.232479 0.089041
1 0.347863 0.958904 0.206838 0.082192
1 0.293162 0.311644 0.087179 0.125571
1 0.391453 0.317352 0.102564 0.141553
1 0.064103 0.627854 0.121368 0.146119
1 0.956410 0.375571 0.087179 0.125571
