0 0.11367746 0.04109633 0.07692078 0.08219266
0 0.24444138 0.01484055 0.07862920 0.02968110
0 0.19829311 0.03424351 0.03077251 0.04565918
0 0.34615521 0.41438597 0.09059512 0.09817074
0 0.04956981 0.29337863 0.05128052 0.06620932
0 0.12820600 0.30593315 0.10256104 0.11415496
0 0.07521707 0.45091332 0.12991672 0.15296877
0 0.34786363 0.67123463 0.22735251 0.21461216
0 0.15897151 0.70776197 0.04444685 0.05936395
0 0.25726151 0.88470356 0.12820830 0.17579836
0 0.51110849 0.87442849 0.08546987 0.11872088
0 0.58290401 0.64726181 0.03760618 0.06164340
0 0.67094351 0.52054532 0.04957210 0.07306170
0 0.90769231 0.97260186 0.06153802 0.05479627
0 0.08205074 0.16780537 0.04444685 0.06620932
