1 0.70974359 0.44657534 0.27897436 0.10958904
1 0.04170940 0.05616438 0.08341880 0.11232877
1 0.14632479 0.06301370 0.07111111 0.08767123
1 0.93965812 0.46849315 0.12068376 0.10410959
1 0.44170940 0.42465753 0.17504274 0.10958904
1 0.28854701 0.40821918 0.10940171 0.12054795
1 0.87384615 0.12328767 0.09846154 0.10958904
1 0.70974359 0.11780822 0.12581197 0.12602740
1 0.52923077 0.11780822 0.11487179 0.13698630
1 0.09367521 0.38082192 0.18735043 0.13698630
1 0.30495726 0.08493151 0.20239316 0.12054795
