1 0.54700855 0.34520548 0.32820513 0.12054795
1 0.42119658 0.32876712 0.16957265 0.11506849
1 0.63452991 0.68493151 0.06017094 0.06575342
1 0.41025641 0.66301370 0.06564103 0.06575342
1 0.17504274 0.66301370 0.05470085 0.06027397
1 0.30632479 0.65753425 0.08752137 0.06575342
1 0.87606838 0.37808219 0.24786325 0.18082192
1 0.52512821 0.67397260 0.10940171 0.08219178
1 0.03829060 0.29589041 0.06564103 0.10958904
1 0.20786325 0.31232877 0.19692308 0.09863014
1 0.90478632 0.71232877 0.19042735 0.09315068
