1 0.54119658 0.02054795 0.17504274 0.04109589
1 0.86940171 0.70684932 0.15316239 0.09315068
1 0.75452991 0.02602740 0.18051282 0.05205479
1 0.67247863 0.33972603 0.12581197 0.11506849
1 0.21846154 0.31232877 0.27350427 0.12054795
1 0.43333333 0.96164384 0.86666667 0.07671233
1 0.10923077 0.66301370 0.21846154 0.15342466
1 0.47555556 0.68493151 0.28444444 0.14246575
1 0.26769231 0.65753425 0.10393162 0.09315068
1 0.91316239 0.36164384 0.11487179 0.07671233
1 0.72717949 0.70136986 0.06564103 0.09315068
