1 0.64068376 0.60273973 0.09846154 0.09315068
1 0.49299145 0.59726027 0.06564103 0.07671233
1 0.31247863 0.26301370 0.15863248 0.10410959
1 0.06632479 0.59178082 0.07658120 0.10410959
1 0.09196581 0.23561644 0.18393162 0.13698630
1 0.75555556 0.60821918 0.07111111 0.08767123
1 0.91418803 0.60821918 0.14769231 0.09863014
1 0.94153846 0.26301370 0.10393162 0.09863014
1 0.29059829 0.92602740 0.20786325 0.14794521
1 0.78837607 0.93561644 0.38290598 0.12876712
1 0.04957265 0.92054795 0.09914530 0.13698630
1 0.68444444 0.26849315 0.11487179 0.10958904
1 0.23589744 0.59178082 0.14222222 0.12602740
1 0.46017094 0.92602740 0.09846154 0.13698630
1 0.49299145 0.25753425 0.18598291 0.08767123
