1 0.07897436 0.76712329 0.15794872 0.16986301
1 0.25914530 0.77260274 0.14769231 0.14794521
1 0.09811966 0.41643836 0.19623932 0.14794521
1 0.37401709 0.08219178 0.13675214 0.12602740
1 0.87025641 0.08767123 0.25948718 0.13698630
1 0.40136752 0.77808219 0.08205128 0.13150685
1 0.03931624 0.05890411 0.07863248 0.11780822
1 0.57094017 0.79452055 0.10393162 0.13150685
1 0.81709402 0.44383562 0.16957265 0.13150685
1 0.19897436 0.07123288 0.14222222 0.12602740
1 0.80068376 0.81643836 0.25162393 0.12602740
1 0.48341880 0.44383562 0.47042735 0.12602740
1 0.56000000 0.09315068 0.16410256 0.11506849
1 0.95914530 0.46575342 0.08170940 0.17534247
