1 0.259829 0.595890 0.082051 0.082192
1 0.435897 0.568493 0.064957 0.082192
1 0.780342 0.546804 0.076923 0.075342
1 0.095726 0.595890 0.054701 0.063927
1 0.626496 0.558219 0.087179 0.098174
1 0.823932 0.206621 0.071795 0.093607
1 0.096581 0.239726 0.042735 0.073059
1 0.951282 0.536530 0.097436 0.082192
1 0.643590 0.196347 0.131624 0.082192
1 0.222222 0.245434 0.064957 0.075342
1 0.092308 0.936073 0.054701 0.063927
1 0.705983 0.917808 0.054701 0.063927
1 0.786325 0.899543 0.054701 0.063927
1 0.856410 0.890411 0.054701 0.063927
1 0.392308 0.230594 0.046154 0.068493
