1 0.75555556 0.91780822 0.27350427 0.13150685
1 0.26871795 0.94931507 0.26256410 0.10136986
1 0.05538462 0.61643836 0.07111111 0.10410959
1 0.12649573 0.24931507 0.21880342 0.12054795
1 0.52581197 0.93698630 0.13128205 0.12602740
1 0.82119658 0.55616438 0.23521368 0.14794521
1 0.59692308 0.57260274 0.11487179 0.12054795
1 0.41094017 0.58904110 0.21333333 0.17534247
1 0.82119658 0.20547945 0.35008547 0.14794521
1 0.43829060 0.23287671 0.32273504 0.13150685
1 0.06085470 0.95753425 0.06564103 0.08493151
1 0.97350427 0.91780822 0.05299145 0.13698630
