1 0.91418803 0.40273973 0.16410256 0.13698630
1 0.04444444 0.82465753 0.08752137 0.10410959
1 0.15931624 0.81917808 0.10940171 0.12054795
1 0.84307692 0.06301370 0.10940171 0.12054795
1 0.30153846 0.10136986 0.51965812 0.13150685
1 0.31247863 0.80273973 0.09846154 0.13698630
1 0.79931624 0.77534247 0.27897436 0.12054795
1 0.71179487 0.43013699 0.16410256 0.13698630
1 0.08376068 0.46301370 0.16752137 0.10410959
1 0.48205128 0.45205479 0.11487179 0.14246575
1 0.52034188 0.79178082 0.20786325 0.13698630
1 0.31247863 0.45753425 0.14769231 0.13150685
