1 0.74598291 0.43287671 0.39931624 0.17534247
1 0.99333333 0.90958904 0.01333333 0.17534247
1 0.75692308 0.03424658 0.13128205 0.06849315
1 0.89914530 0.04794521 0.13675214 0.09589041
1 0.47794872 0.37260274 0.08752137 0.10958904
1 0.65299145 0.80000000 0.11487179 0.12602740
1 0.80068376 0.84931507 0.14222222 0.09863014
1 0.49435897 0.75616438 0.14769231 0.14246575
1 0.34119658 0.33424658 0.10940171 0.12054795
1 0.11145299 0.98082192 0.11487179 0.03835616
1 0.00923077 0.58630137 0.01846154 0.15342466
1 0.12786325 0.65205479 0.16410256 0.16438356
1 0.10222222 0.25205479 0.20444444 0.16986301
1 0.92102564 0.87671233 0.06564103 0.09863014
1 0.35760684 0.71780822 0.12034188 0.13698630
1 0.00376068 0.96438356 0.00752137 0.07123288
