1 0.86735043 0.96027397 0.07658120 0.07945205
1 0.12888889 0.32054795 0.06564103 0.10410959
1 0.92205128 0.24931507 0.04376068 0.08767123
1 0.33675214 0.29863014 0.11487179 0.09863014
1 0.55008547 0.65479452 0.05470085 0.09315068
1 0.70324786 0.61643836 0.08752137 0.10958904
1 0.86735043 0.61643836 0.18598291 0.10410959
1 0.96649573 0.95068493 0.06700855 0.09863014
1 0.11247863 0.67123288 0.08752137 0.13698630
1 0.36957265 0.96438356 0.13675214 0.07123288
1 0.32581197 0.65479452 0.11487179 0.10958904
1 0.55555556 0.95342466 0.15863248 0.09315068
1 0.13982906 0.97397260 0.12581197 0.05205479
1 0.45709402 0.64931507 0.08752137 0.10958904
1 0.48991453 0.30410959 0.05470085 0.09315068
1 0.75247863 0.27123288 0.17504274 0.07671233
