1 0.59589744 0.98767123 0.08752137 0.02465753
1 0.30598291 0.31506849 0.24615385 0.10410959
1 0.75452991 0.28767123 0.22427350 0.12602740
1 0.94837607 0.27123288 0.10324786 0.13150685
1 0.56307692 0.29863014 0.07658120 0.09863014
1 0.06136752 0.69863014 0.12273504 0.09863014
1 0.47555556 0.65479452 0.07658120 0.10410959
1 0.09811966 0.01643836 0.14222222 0.03287671
1 0.31692308 0.67123288 0.10940171 0.10958904
1 0.73811966 0.97945205 0.20239316 0.04109589
1 0.83623932 0.63287671 0.32752137 0.11506849
1 0.59042735 0.66575342 0.07658120 0.08219178
1 0.91316239 0.98082192 0.07111111 0.03835616
