1 0.73059829 0.09041096 0.07658120 0.09863014
1 0.52273504 0.42465753 0.06564103 0.09863014
1 0.39145299 0.02876712 0.12034188 0.05753425
1 0.69230769 0.46301370 0.06564103 0.09315068
1 0.83452991 0.11780822 0.08752137 0.10410959
1 0.60478632 0.05890411 0.08205128 0.11780822
1 0.47897436 0.78082192 0.12034188 0.10958904
1 0.95829060 0.16712329 0.08341880 0.10410959
1 0.10153846 0.69315068 0.04923077 0.07123288
1 0.24923077 0.72054795 0.10393162 0.09863014
1 0.15076923 0.32054795 0.09299145 0.10410959
1 0.70871795 0.84657534 0.10940171 0.11506849
1 0.97196581 0.93835616 0.05606838 0.12328767
1 0.02478632 0.64931507 0.04957265 0.11506849
1 0.00017094 0.98630137 0.00034188 0.02739726
1 0.80717949 0.49041096 0.05470085 0.10410959
1 0.28752137 0.34794521 0.04923077 0.09315068
1 0.35863248 0.38082192 0.06017094 0.07671233
1 0.90017094 0.52876712 0.12034188 0.08767123
