1 0.836752 0.812785 0.076923 0.077626
1 0.030769 0.413242 0.058120 0.077626
1 0.749573 0.138128 0.052991 0.066210
1 0.045299 0.736301 0.083761 0.066210
1 0.345299 0.775114 0.044444 0.066210
1 0.924786 0.812785 0.061538 0.073059
1 0.465812 0.116438 0.049573 0.073059
1 0.635043 0.133562 0.059829 0.066210
1 0.289744 0.423516 0.066667 0.075342
1 0.262393 0.757991 0.059829 0.077626
1 0.968376 0.160959 0.049573 0.066210
1 0.051282 0.078767 0.099145 0.098174
1 0.405128 0.445205 0.075214 0.086758
1 0.962393 0.495434 0.064957 0.086758
1 0.186325 0.423516 0.099145 0.075342
1 0.257265 0.100457 0.087179 0.086758
1 0.569231 0.795662 0.071795 0.098174
1 0.476068 0.456621 0.039316 0.077626
1 0.122222 0.754566 0.039316 0.066210
1 0.751282 0.799087 0.039316 0.077626
