1 0.81606838 0.47671233 0.09846154 0.08219178
1 0.56444444 0.48219178 0.07658120 0.08767123
1 0.67931624 0.13150685 0.08205128 0.09863014
1 0.47692308 0.13698630 0.16957265 0.08767123
1 0.09401709 0.16986301 0.10393162 0.07671233
1 0.24717949 0.15890411 0.08205128 0.09315068
1 0.72854701 0.82191781 0.16410256 0.10958904
0 0.58632479 0.01643836 0.07111111 0.03287671
1 0.94085470 0.45479452 0.11829060 0.08767123
1 0.38940171 0.87671233 0.21880342 0.08219178
1 0.03931624 0.89315068 0.05470085 0.10410959
1 0.83247863 0.09863014 0.05470085 0.08767123
1 0.36205128 0.50410959 0.06017094 0.07123288
