1 0.42529915 0.81095890 0.10940171 0.11506849
1 0.04854701 0.78356164 0.09709402 0.09863014
1 0.93282051 0.06164384 0.13435897 0.12328767
1 0.15179487 0.38356164 0.20786325 0.13150685
1 0.73709402 0.04931507 0.20786325 0.09863014
1 0.43623932 0.03424658 0.13675214 0.06849315
1 0.94512821 0.84931507 0.10974359 0.15342466
1 0.16273504 0.02876712 0.14769231 0.05753425
1 0.37606838 0.40000000 0.19692308 0.16986301
1 0.01982906 0.02191781 0.03965812 0.04383562
1 0.88358974 0.44383562 0.23282051 0.14794521
1 0.00205128 0.36712329 0.00410256 0.16438356
1 0.61128205 0.42739726 0.21333333 0.16438356
1 0.53470085 0.83835616 0.10940171 0.13150685
