1 0.323077 0.436073 0.051282 0.068493
1 0.254701 0.434932 0.047863 0.057078
1 0.028205 0.415525 0.052991 0.105023
1 0.334188 0.097032 0.094017 0.066210
1 0.196581 0.086758 0.071795 0.077626
1 0.929060 0.497717 0.059829 0.073059
1 0.080342 0.081050 0.109402 0.093607
1 0.125641 0.756849 0.200000 0.102740
1 0.941026 0.157534 0.117949 0.077626
1 0.135897 0.425799 0.097436 0.121005
1 0.501709 0.102740 0.186325 0.100457
1 0.458974 0.464612 0.087179 0.098174
1 0.600855 0.799087 0.203419 0.136986
1 0.721368 0.141553 0.208547 0.105023
1 0.359829 0.783105 0.152137 0.109589
