1 0.81367521 0.74246575 0.04376068 0.07671233
1 0.42529915 0.03835616 0.13128205 0.07671233
1 0.59487179 0.75342466 0.06017094 0.07671233
1 0.17914530 0.78082192 0.04376068 0.07671233
1 0.01846154 0.79178082 0.03692308 0.06575342
1 0.01846154 0.08493151 0.03692308 0.06575342
1 0.16820513 0.05205479 0.06564103 0.06575342
1 0.63316239 0.03561644 0.06564103 0.07123288
1 0.37059829 0.76438356 0.04923077 0.06575342
1 0.80820513 0.02465753 0.16410256 0.04931507
1 0.26119658 0.04657534 0.07658120 0.07123288
1 0.70427350 0.75342466 0.09299145 0.08219178
1 0.91760684 0.73150685 0.08205128 0.08219178
