1 0.04564103 0.67945205 0.09128205 0.10958904
1 0.56444444 0.45479452 0.08205128 0.08767123
1 0.35658120 0.77260274 0.09299145 0.13150685
1 0.92000000 0.54246575 0.08752137 0.10958904
1 0.32923077 0.40000000 0.09299145 0.12602740
1 0.07162393 0.01232877 0.14324786 0.02465753
1 0.53162393 0.82191781 0.13128205 0.13150685
1 0.20888889 0.73424658 0.11487179 0.11506849
1 0.93128205 0.18630137 0.13743590 0.13698630
1 0.54256410 0.07671233 0.19145299 0.14794521
1 0.27452991 0.03013699 0.04923077 0.06027397
1 0.97641026 0.93150685 0.04717949 0.05479452
