1 0.77196581 0.29041096 0.06017094 0.08219178
1 0.27965812 0.26301370 0.10940171 0.08767123
1 0.40547009 0.26301370 0.07111111 0.08767123
1 0.52581197 0.27945205 0.06017094 0.08767123
1 0.07726496 0.25205479 0.08205128 0.09315068
1 0.02769231 0.61917808 0.05538462 0.10410959
1 0.63521368 0.27945205 0.07658120 0.09863014
1 0.14837607 0.95616438 0.08205128 0.08767123
1 0.15931624 0.60821918 0.09846154 0.10958904
1 0.46017094 0.96301370 0.08752137 0.07397260
1 0.30153846 0.95205479 0.10393162 0.09589041
1 0.91418803 0.27397260 0.11487179 0.13150685
