1 0.61367521 0.30410959 0.06017094 0.07671233
1 0.95282051 0.28219178 0.06564103 0.10958904
1 0.21982906 0.69863014 0.09846154 0.11506849
1 0.07213675 0.69315068 0.06564103 0.07671233
1 0.28547009 0.31506849 0.07658120 0.08767123
1 0.36752137 0.67671233 0.14769231 0.10410959
1 0.46598291 0.30958904 0.15863248 0.08767123
1 0.60820513 0.65479452 0.22974359 0.10958904
1 0.54803419 0.97945205 0.22974359 0.04109589
1 0.79965812 0.96712329 0.16410256 0.06575342
1 0.04974359 0.34246575 0.09948718 0.10410959
