1 0.58632479 0.50958904 0.17504274 0.11506849
1 0.64102564 0.87671233 0.26803419 0.12054795
1 0.82153846 0.50410959 0.16957265 0.15342466
1 0.87076923 0.86575342 0.08205128 0.13150685
1 0.03743590 0.52054795 0.07487179 0.12602740
1 0.19794872 0.10958904 0.11487179 0.14246575
1 0.34017094 0.88219178 0.27350427 0.12054795
1 0.04427350 0.13150685 0.08854701 0.15342466
1 0.89025641 0.12054795 0.21948718 0.16438356
1 0.54803419 0.11506849 0.18051282 0.17534247
1 0.08854701 0.89863014 0.16410256 0.15890411
1 0.36752137 0.51506849 0.18598291 0.15890411
