1 0.42324786 0.21917808 0.06564103 0.07671233
1 0.19897436 0.22465753 0.24615385 0.08219178
1 0.37948718 0.93150685 0.19692308 0.10410959
1 0.61470085 0.92054795 0.12034188 0.10410959
1 0.95384615 0.54246575 0.08205128 0.09315068
1 0.01470085 0.61369863 0.02940171 0.10410959
1 0.84444444 0.91506849 0.14222222 0.08767123
1 0.70769231 0.20273973 0.07658120 0.09315068
1 0.82256410 0.54794521 0.08205128 0.09315068
1 0.10495726 0.94657534 0.20991453 0.10684932
1 0.12786325 0.58630137 0.12581197 0.12054795
