1 0.030769 0.956621 0.058120 0.086758
1 0.139316 0.635845 0.066667 0.075342
1 0.590598 0.272831 0.066667 0.089041
1 0.300855 0.949772 0.082051 0.095890
1 0.887179 0.261416 0.082051 0.098174
1 0.820513 0.956621 0.064957 0.086758
1 0.970085 0.619863 0.059829 0.102740
1 0.082051 0.267123 0.082051 0.077626
1 0.459829 0.628995 0.088889 0.121005
1 0.717094 0.617580 0.121368 0.116438
1 0.273504 0.267123 0.119658 0.109589
1 0.317094 0.611872 0.063248 0.091324
1 0.900855 0.624429 0.058120 0.070776
1 0.178632 0.956621 0.059829 0.086758
1 0.426496 0.976027 0.046154 0.047945
