1 0.568493 0.879487 0.251142 0.158974
1 0.353881 0.947009 0.150685 0.102564
1 0.063927 0.756410 0.123288 0.114530
1 0.211187 0.699145 0.162100 0.133333
1 0.394977 0.655556 0.187215 0.128205
1 0.873288 0.836752 0.253425 0.196581
1 0.654110 0.582051 0.308219 0.138462
1 0.043379 0.447863 0.082192 0.157265
1 0.157534 0.394017 0.127854 0.100855
1 0.376712 0.348718 0.214612 0.147009
1 0.577626 0.292308 0.178082 0.129915
1 0.779680 0.232479 0.253425 0.174359
1 0.962329 0.150427 0.075342 0.150427
1 0.074201 0.140171 0.143836 0.123077
1 0.335616 0.070085 0.173516 0.119658
1 0.573059 0.023932 0.223744 0.044444
