1 0.84888889 0.83287671 0.05470085 0.07123288
1 0.06119658 0.62465753 0.04923077 0.06575342
1 0.16512821 0.64657534 0.04376068 0.06575342
1 0.00735043 0.97808219 0.01470085 0.04383562
1 0.10495726 0.99041096 0.08752137 0.01917808
1 0.26358974 0.69589041 0.08205128 0.09863014
1 0.90905983 0.12054795 0.09299145 0.10958904
1 0.53162393 0.03835616 0.25709402 0.07671233
1 0.64102564 0.76712329 0.07658120 0.10410959
1 0.99145299 0.14794521 0.01709402 0.09315068
1 0.43316239 0.72876712 0.12034188 0.09315068
