1 0.36102564 0.33698630 0.20239316 0.17534247
1 0.31179487 0.02191781 0.33367521 0.04383562
1 0.82051282 0.07945205 0.09846154 0.12602740
1 0.79863248 0.91232877 0.15316239 0.12054795
1 0.32820513 0.78082192 0.24615385 0.15890411
1 0.07658120 0.70958904 0.15316239 0.14246575
1 0.56888889 0.39726027 0.13675214 0.12054795
1 0.95401709 0.95205479 0.09196581 0.09589041
1 0.83692308 0.45753425 0.23521368 0.10958904
1 0.99777778 0.53424658 0.00444444 0.16438356
1 0.58529915 0.85205479 0.16957265 0.15342466
1 0.63452991 0.06164384 0.21880342 0.12328767
1 0.95811966 0.13972603 0.08376068 0.15342466
1 0.12581197 0.29315068 0.23521368 0.16438356
