1 0.07076923 0.00547945 0.12581197 0.01095890
1 0.74905983 0.15068493 0.18598291 0.09315068
1 0.26769231 0.04246575 0.11487179 0.08493151
1 0.38803419 0.36986301 0.09846154 0.09863014
1 0.55213675 0.41369863 0.11487179 0.10410959
1 0.98393162 0.22191781 0.03213675 0.10958904
1 0.01076923 0.26575342 0.02153846 0.09863014
1 0.13094017 0.29315068 0.12581197 0.09863014
1 0.26222222 0.32602740 0.07111111 0.09863014
1 0.57948718 0.10684932 0.11487179 0.10410959
1 0.02854701 0.63835616 0.05709402 0.09315068
1 0.20752137 0.69315068 0.05470085 0.10958904
1 0.33333333 0.72054795 0.09846154 0.08767123
1 0.42632479 0.73698630 0.05470085 0.09315068
1 0.57948718 0.78082192 0.07658120 0.08767123
1 0.72717949 0.45753425 0.10393162 0.09315068
1 0.76547009 0.85753425 0.04376068 0.08219178
1 0.91863248 0.87397260 0.09299145 0.06027397
1 0.94051282 0.51232877 0.06017094 0.08219178
1 0.38803419 0.06301370 0.07111111 0.09315068
