1 0.55111111 0.02876712 0.06564103 0.05753425
1 0.41982906 0.03013699 0.16410256 0.06027397
1 0.97111111 0.72602740 0.05777778 0.08767123
1 0.26119658 0.73698630 0.07111111 0.10410959
1 0.69880342 0.72602740 0.06564103 0.09315068
1 0.10256410 0.03698630 0.08752137 0.07397260
1 0.41435897 0.73150685 0.07658120 0.09863014
1 0.16820513 0.72602740 0.07111111 0.12602740
1 0.22837607 0.03013699 0.08752137 0.06027397
1 0.66051282 0.02739726 0.08205128 0.05479452
1 0.82461538 0.02739726 0.18051282 0.05479452
1 0.83555556 0.72602740 0.11487179 0.10958904
