1 0.155556 0.853881 0.054701 0.105023
1 0.917094 0.480594 0.046154 0.061644
1 0.024786 0.147260 0.046154 0.075342
1 0.033333 0.875571 0.063248 0.143836
1 0.772650 0.486301 0.054701 0.063927
1 0.204274 0.497717 0.087179 0.132420
1 0.910256 0.831050 0.059829 0.077626
1 0.778632 0.114155 0.070085 0.105023
1 0.381197 0.143836 0.112821 0.077626
1 0.527350 0.135845 0.066667 0.121005
1 0.182051 0.131279 0.186325 0.148402
1 0.341026 0.492009 0.121368 0.148402
1 0.522222 0.853881 0.305983 0.164384
1 0.554701 0.490868 0.094017 0.082192
1 0.865812 0.127854 0.042735 0.059361
1 0.925641 0.127854 0.042735 0.059361
1 0.652137 0.486301 0.042735 0.059361
