1 0.78222222 0.52054795 0.15316239 0.10958904
1 0.48136752 0.07671233 0.07111111 0.08219178
1 0.04376068 0.30684932 0.08752137 0.12602740
1 0.58529915 0.47123288 0.09846154 0.09863014
1 0.90752137 0.55342466 0.18495726 0.11506849
1 0.77128205 0.16438356 0.13128205 0.10958904
1 0.21333333 0.73424658 0.13675214 0.08767123
1 0.65641026 0.86575342 0.10940171 0.12054795
1 0.76581197 0.87123288 0.12581197 0.13698630
1 0.94632479 0.91506849 0.08205128 0.10958904
1 0.22974359 0.36164384 0.16957265 0.14794521
1 0.39931624 0.41095890 0.13675214 0.13150685
