1 0.05384615 0.95753425 0.10769231 0.08493151
1 0.96820513 0.64657534 0.06358974 0.10410959
1 0.37299145 0.20273973 0.09299145 0.08219178
1 0.96820513 0.24657534 0.06358974 0.10958904
1 0.52615385 0.21917808 0.13675214 0.10410959
1 0.19247863 0.20273973 0.07111111 0.10410959
1 0.84888889 0.25205479 0.13675214 0.13150685
1 0.22529915 0.98356164 0.12034188 0.03287671
1 0.05572650 0.58630137 0.03829060 0.07671233
1 0.17059829 0.59726027 0.09299145 0.08219178
1 0.56991453 0.99452055 0.05470085 0.01095890
1 0.69572650 0.64657534 0.05470085 0.07671233
1 0.78871795 0.64657534 0.06564103 0.08219178
1 0.70119658 0.23013699 0.06564103 0.08767123
