0 0.88119598 0.93379156 0.04615527 0.10958904
0 0.81794954 0.45776482 0.07350395 0.06620932
0 0.45213823 0.03767145 0.09401895 0.07534290
0 0.29828967 0.20433885 0.32649671 0.13470510
0 0.38034270 0.10959079 0.11795080 0.05479101
0 0.26837837 0.28082323 0.12307605 0.08219353
0 0.41367784 0.34360986 0.15384856 0.13470510
0 0.28034429 0.52283090 0.14359106 0.22374400
0 0.43675547 0.67237699 0.05298894 0.25799189
0 0.23248060 0.79566378 0.16068223 0.20775978
0 0.13076677 0.91552789 0.18290565 0.14611638
0 0.30769296 0.95091332 0.13333355 0.09817337
0 0.42906059 0.94520285 0.09914421 0.09132537
0 0.14957336 0.63812910 0.11795080 0.11187551
0 0.34188231 0.84246619 0.06837869 0.07762762
0 0.87436231 0.75684997 0.05298894 0.05707748
0 0.19658284 0.05593688 0.13333355 0.11187375
0 0.80598362 0.19406378 0.05982961 0.11415496
0 0.02906027 0.07648614 0.05812053 0.14840285
