1 0.35521368 0.21369863 0.64000000 0.17534247
1 0.46461538 0.94520548 0.08752137 0.10958904
1 0.18564103 0.94109589 0.09846154 0.11780822
1 0.96888889 0.55342466 0.06222222 0.12602740
1 0.06410256 0.93972603 0.12820513 0.12054795
1 0.87863248 0.17534247 0.24273504 0.15890411
1 0.72717949 0.56438356 0.12034188 0.13698630
1 0.94837607 0.93698630 0.10324786 0.12602740
1 0.45914530 0.55890411 0.14222222 0.13698630
1 0.71623932 0.94246575 0.34461538 0.11506849
1 0.24581197 0.58630137 0.18051282 0.14794521
