1 0.026496 0.250000 0.049573 0.066210
1 0.718803 0.952055 0.052991 0.082192
1 0.604274 0.936073 0.076923 0.077626
1 0.182906 0.628995 0.054701 0.066210
1 0.276068 0.251142 0.070085 0.077626
1 0.953846 0.952055 0.075214 0.086758
1 0.735043 0.251142 0.071795 0.109589
1 0.976068 0.245434 0.044444 0.089041
1 0.729915 0.607306 0.082051 0.045662
1 0.388034 0.263699 0.051282 0.066210
1 0.458120 0.245434 0.051282 0.066210
1 0.825641 0.245434 0.051282 0.066210
1 0.846154 0.622146 0.051282 0.066210
1 0.112821 0.626712 0.054701 0.066210
1 0.200855 0.968037 0.039316 0.063927
1 0.040171 0.632420 0.039316 0.063927
1 0.905983 0.250000 0.051282 0.066210
