0 0.106838 0.190639 0.210256 0.376712
0 0.054701 0.811644 0.105983 0.372146
0 0.044444 0.528539 0.085470 0.166667
0 0.404274 0.107306 0.264957 0.210046
0 0.465812 0.216895 0.169231 0.105023
0 0.578632 0.027397 0.052991 0.050228
0 0.170085 0.449772 0.107692 0.173516
0 0.308547 0.521689 0.087179 0.166667
0 0.426496 0.521689 0.083761 0.235160
0 0.517949 0.377854 0.078632 0.162100
0 0.600000 0.344749 0.085470 0.228311
0 0.502564 0.644977 0.047863 0.057078
0 0.548718 0.668950 0.037607 0.059361
0 0.524786 0.740868 0.027350 0.052511
0 0.452137 0.859589 0.022222 0.043379
0 0.582906 0.763699 0.054701 0.066210
0 0.570940 0.905251 0.071795 0.084475
0 0.510256 0.886986 0.046154 0.079909
