1 0.58837607 0.93150685 0.09299145 0.10410959
1 0.47350427 0.22465753 0.17504274 0.10410959
1 0.91452991 0.54246575 0.17094017 0.10958904
1 0.34769231 0.94246575 0.09846154 0.09863014
1 0.82905983 0.91506849 0.06017094 0.08767123
1 0.96239316 0.89863014 0.07521368 0.09863014
1 0.62119658 0.19178082 0.04923077 0.09863014
1 0.58837607 0.57534247 0.05470085 0.08767123
1 0.74700855 0.19726027 0.03282051 0.07123288
1 0.85094017 0.18082192 0.03829060 0.07123288
1 0.90564103 0.18082192 0.04376068 0.08767123
