1 0.62769231 0.02465753 0.05470085 0.04931507
1 0.93401709 0.70958904 0.07111111 0.07671233
1 0.68786325 0.35890411 0.04923077 0.07671233
1 0.22290598 0.39726027 0.06564103 0.07123288
1 0.37606838 0.03287671 0.05470085 0.06575342
1 0.15726496 0.75342466 0.06017094 0.08767123
1 0.27213675 0.04109589 0.08205128 0.08219178
1 0.49641026 0.02876712 0.10393162 0.05753425
1 0.30495726 0.73698630 0.09846154 0.11506849
1 0.45811966 0.38630137 0.12581197 0.06027397
1 0.13538462 0.05205479 0.04923077 0.06027397
1 0.78085470 0.35890411 0.07111111 0.08219178
