1 0.24136752 0.16986301 0.31726496 0.14246575
1 0.33435897 0.87671233 0.07111111 0.10410959
1 0.08376068 0.48219178 0.16752137 0.12602740
1 0.52581197 0.20821918 0.09299145 0.10958904
1 0.23042735 0.50958904 0.09846154 0.13698630
1 0.03589744 0.15342466 0.07179487 0.12602740
1 0.95247863 0.55342466 0.09299145 0.12602740
1 0.39452991 0.52602740 0.19692308 0.11506849
1 0.63521368 0.54794521 0.26256410 0.12054795
1 0.71179487 0.20821918 0.18051282 0.14246575
1 0.56410256 0.89863014 0.31726496 0.09863014
1 0.88136752 0.23561644 0.13128205 0.12602740
1 0.89777778 0.92602740 0.18598291 0.12054795
1 0.13162393 0.87671233 0.26324786 0.14246575
