1 0.05401709 0.04657534 0.10803419 0.09315068
1 0.90666667 0.11506849 0.09846154 0.12054795
1 0.17367521 0.70684932 0.14222222 0.10958904
1 0.03350427 0.69041096 0.06700855 0.12054795
1 0.79726496 0.43287671 0.25709402 0.12054795
1 0.75350427 0.75616438 0.07658120 0.12602740
1 0.46358974 0.72876712 0.38837607 0.11506849
1 0.74803419 0.10958904 0.12034188 0.13698630
1 0.44170940 0.40000000 0.37196581 0.12054795
1 0.21743590 0.05616438 0.14222222 0.11232877
1 0.39794872 0.06027397 0.15863248 0.11506849
1 0.93282051 0.77808219 0.13435897 0.08767123
1 0.11008547 0.34520548 0.22017094 0.16986301
1 0.98478632 0.47123288 0.03042735 0.09863014
