1 0.14273652 0.04452252 0.28547304 0.08904504
1 0.41880309 0.07762542 0.21538658 0.15525085
1 0.66923323 0.11872044 0.26837552 0.23744088
1 0.94187930 0.21233184 0.11624139 0.20548033
1 0.85811835 0.55365348 0.16410606 0.21232570
1 0.20170809 0.36758005 0.16752290 0.15981414
1 0.44957560 0.41780515 0.23931843 0.21917808
1 0.01624014 0.32534356 0.03248027 0.10273666
1 0.12478589 0.72717238 0.24957177 0.24429414
1 0.39145441 0.84360679 0.13675039 0.15753468
1 0.64273176 0.89725896 0.27350077 0.20548208
