1 0.28444444 0.21917808 0.04923077 0.07671233
1 0.04376068 0.11506849 0.07658120 0.10410959
1 0.56341880 0.26849315 0.06017094 0.06575342
1 0.67829060 0.28493151 0.05470085 0.06027397
1 0.95726496 0.38356164 0.04376068 0.07671233
1 0.03829060 0.83835616 0.07111111 0.10958904
1 0.25162393 0.90958904 0.22427350 0.13698630
1 0.49777778 0.95616438 0.10393162 0.08767123
1 0.83692308 0.33972603 0.09299145 0.08219178
1 0.44307692 0.22465753 0.07658120 0.10410959
1 0.18051282 0.14246575 0.13675214 0.12602740
