1 0.37196581 0.14520548 0.11487179 0.09863014
1 0.07658120 0.07260274 0.14769231 0.14520548
1 0.20239316 0.50136986 0.09846154 0.12054795
1 0.99777778 0.69863014 0.00444444 0.08219178
1 0.20239316 0.85205479 0.12034188 0.10958904
1 0.45948718 0.56164384 0.07111111 0.09863014
1 0.71111111 0.96849315 0.09299145 0.06301370
1 0.33367521 0.87945205 0.10393162 0.11506849
1 0.47042735 0.91232877 0.10393162 0.10958904
1 0.65641026 0.60547945 0.04376068 0.08767123
1 0.82598291 0.66027397 0.06017094 0.12054795
1 0.03829060 0.79178082 0.07658120 0.13698630
1 0.86974359 0.98356164 0.10940171 0.03287671
