1 0.429060 0.735160 0.147009 0.082192
1 0.691453 0.053653 0.094017 0.070776
1 0.266667 0.727169 0.064957 0.089041
1 0.981197 0.409817 0.037607 0.093607
1 0.149573 0.047945 0.121368 0.091324
1 0.078632 0.376712 0.088889 0.114155
1 0.308547 0.388128 0.288889 0.109589
1 0.500855 0.069635 0.164103 0.098174
1 0.110256 0.713470 0.176068 0.152968
1 0.592308 0.381279 0.121368 0.095890
1 0.631624 0.722603 0.059829 0.093607
1 0.829060 0.737443 0.123077 0.059361
1 0.947863 0.077626 0.094017 0.063927
1 0.287179 0.058219 0.071795 0.066210
1 0.814530 0.065068 0.052991 0.066210
