0 0.03076836 0.60616329 0.04102302 0.05707748
0 0.32051309 0.31963266 0.05982961 0.08675945
0 0.12564152 0.84703474 0.05641277 0.05936395
0 0.60597979 0.25570981 0.07008711 0.07306170
0 0.37435624 0.90296899 0.05812119 0.06164340
0 0.57350586 0.90524844 0.06666328 0.10730258
0 0.29572704 0.42922170 0.03760618 0.04109326
0 0.84615242 0.91895321 0.05469735 0.07077523
0 0.87863335 0.97831189 0.05128052 0.04337622
0 0.79658032 0.33903956 0.04444685 0.06164340
0 0.91794795 0.46232636 0.04786369 0.05251156
