1 0.54119658 0.96849315 0.17504274 0.06301370
1 0.97299145 0.66027397 0.05401709 0.08219178
1 0.73264957 0.29315068 0.16957265 0.08767123
1 0.42085470 0.25479452 0.40478632 0.10410959
1 0.75452991 0.97945205 0.18051282 0.04109589
1 0.14188034 0.60000000 0.09846154 0.11506849
1 0.25675214 0.61095890 0.09299145 0.10410959
1 0.09264957 0.25479452 0.10940171 0.10958904
1 0.49196581 0.62191781 0.25709402 0.10958904
1 0.16923077 0.96438356 0.12581197 0.07123288
1 0.35521368 0.97397260 0.16957265 0.05205479
