1 0.84888889 0.36986301 0.08205128 0.12054795
1 0.25264957 0.32602740 0.15863248 0.14794521
1 0.65743590 0.36986301 0.22427350 0.13698630
1 0.16735043 0.98219178 0.33470085 0.03561644
1 0.74495726 0.69315068 0.19692308 0.12054795
1 0.72854701 0.04246575 0.21880342 0.08493151
1 0.20341880 0.67123288 0.18051282 0.13698630
1 0.40034188 0.02876712 0.21333333 0.05753425
1 0.52068376 0.67671233 0.20786325 0.13150685
1 0.02102564 0.67671233 0.04205128 0.10410959
1 0.34564103 0.69315068 0.08205128 0.10410959
1 0.46598291 0.34794521 0.09846154 0.10410959
1 0.01282051 0.34246575 0.02564103 0.09863014
