1 0.93401709 0.24383562 0.07111111 0.10958904
1 0.79179487 0.24383562 0.15316239 0.09863014
1 0.82461538 0.94931507 0.28444444 0.10136986
1 0.46905983 0.92876712 0.22974359 0.09863014
1 0.45264957 0.57260274 0.10393162 0.11506849
1 0.11418803 0.21095890 0.22837607 0.13698630
1 0.49641026 0.22739726 0.38837607 0.13150685
1 0.64957265 0.57808219 0.20239316 0.10410959
1 0.28854701 0.56712329 0.15316239 0.10410959
1 0.08547009 0.55068493 0.17094017 0.14794521
1 0.22837607 0.91780822 0.18051282 0.13150685
1 0.89042735 0.60547945 0.21914530 0.12054795
1 0.63863248 0.94520548 0.08205128 0.09315068
