1 0.17811966 0.02054795 0.07658120 0.04109589
1 0.07418803 0.73150685 0.04376068 0.05479452
1 0.81811966 0.77534247 0.04923077 0.05479452
1 0.00837607 0.73698630 0.01675214 0.06575342
1 0.98837607 0.05753425 0.02324786 0.07671233
1 0.68683761 0.38082192 0.04923077 0.07123288
1 0.57196581 0.37534247 0.06017094 0.07123288
1 0.42427350 0.74794521 0.04923077 0.07671233
1 0.30393162 0.02465753 0.06564103 0.04931507
1 0.69777778 0.76438356 0.05470085 0.06575342
1 0.79076923 0.38082192 0.05470085 0.09315068
1 0.94940171 0.78082192 0.06564103 0.08219178
1 0.65948718 0.03835616 0.09299145 0.07671233
1 0.97333333 0.40273973 0.05333333 0.09863014
1 0.41880342 0.03013699 0.05470085 0.06027397
1 0.88376068 0.04931507 0.10393162 0.09863014
