1 0.23829060 0.50684932 0.09299145 0.11506849
1 0.47897436 0.52328767 0.08752137 0.13698630
1 0.08512821 0.49041096 0.13128205 0.13150685
1 0.35316239 0.51780822 0.10940171 0.15342466
1 0.25470085 0.88493151 0.09846154 0.12602740
1 0.67589744 0.12876712 0.24615385 0.19726027
1 0.09316239 0.86301370 0.18632479 0.15890411
1 0.17264957 0.09589041 0.24615385 0.17534247
1 0.95282051 0.92328767 0.09435897 0.12602740
1 0.94051282 0.16712329 0.11897436 0.16986301
1 0.00427350 0.47397260 0.00854701 0.15342466
1 0.78051282 0.58356164 0.43897436 0.23013699
1 0.77435897 0.91232877 0.09846154 0.15342466
1 0.51179487 0.89041096 0.36102564 0.14246575
1 0.43521368 0.12328767 0.18051282 0.15890411
