1 0.98820513 0.18082192 0.02358974 0.07123288
1 0.62905983 0.90958904 0.06017094 0.07123288
1 0.72752137 0.88767123 0.07111111 0.06575342
1 0.51965812 0.90958904 0.07658120 0.09315068
1 0.87521368 0.87671233 0.08752137 0.07671233
1 0.94991453 0.53698630 0.10017094 0.09315068
1 0.68923077 0.55342466 0.21880342 0.06027397
1 0.80410256 0.19726027 0.22427350 0.06027397
1 0.04376068 0.95342466 0.08205128 0.09315068
1 0.22427350 0.93150685 0.08205128 0.08219178
1 0.98683761 0.88219178 0.02632479 0.06027397
