1 0.95247863 0.74246575 0.09504274 0.09315068
1 0.78735043 0.73150685 0.12034188 0.09863014
1 0.37709402 0.70958904 0.37196581 0.12054795
1 0.34974359 0.35890411 0.22974359 0.12602740
1 0.97435897 0.40273973 0.05128205 0.09863014
1 0.10358974 0.36438356 0.12034188 0.12602740
1 0.43333333 0.05205479 0.86666667 0.10410959
1 0.77641026 0.38630137 0.08752137 0.09863014
1 0.09264957 0.69863014 0.11487179 0.10958904
1 0.65059829 0.72602740 0.04923077 0.09315068
1 0.97846154 0.05205479 0.04307692 0.07123288
