1 0.23589744 0.20547945 0.08205128 0.10958904
1 0.95709402 0.24931507 0.08581197 0.13150685
1 0.88136752 0.93972603 0.10393162 0.07671233
1 0.09059829 0.20547945 0.18119658 0.14794521
1 0.61333333 0.92876712 0.18051282 0.09863014
1 0.41094017 0.21095890 0.21880342 0.10410959
1 0.31247863 0.58356164 0.09846154 0.12054795
1 0.59692308 0.57260274 0.26256410 0.10410959
1 0.78290598 0.22739726 0.17504274 0.10958904
1 0.13025641 0.90136986 0.26051282 0.12602740
1 0.11931624 0.55616438 0.23863248 0.12054795
1 0.90786325 0.58904110 0.18427350 0.07671233
1 0.33982906 0.91232877 0.05470085 0.09315068
1 0.42735043 0.92876712 0.07658120 0.08767123
