1 0.36102564 0.65479452 0.04923077 0.06027397
1 0.02735043 0.97671233 0.04923077 0.04657534
1 0.03282051 0.62739726 0.06564103 0.08767123
1 0.22974359 0.97671233 0.07111111 0.04657534
1 0.73846154 0.67671233 0.08752137 0.09863014
1 0.97316239 0.03972603 0.05367521 0.07945205
1 0.86427350 0.68767123 0.11487179 0.12054795
1 0.16410256 0.63287671 0.12034188 0.10410959
1 0.86427350 0.35890411 0.08205128 0.12054795
1 0.20239316 0.30410959 0.12581197 0.11506849
1 0.64000000 0.32054795 0.19692308 0.12602740
