1 0.69230769 0.55890411 0.07658120 0.09315068
1 0.16717949 0.52602740 0.12034188 0.15342466
1 0.30940171 0.52602740 0.09846154 0.12054795
1 0.50632479 0.20273973 0.09299145 0.11506849
1 0.90564103 0.24109589 0.15316239 0.10958904
1 0.88923077 0.56986301 0.18598291 0.12602740
1 0.51179487 0.53150685 0.10940171 0.11506849
1 0.03435897 0.48767123 0.06871795 0.10958904
1 0.16837607 0.16986301 0.33675214 0.10958904
1 0.74700855 0.23013699 0.12034188 0.13150685
1 0.70324786 0.91506849 0.15316239 0.10958904
1 0.92957265 0.93835616 0.14085470 0.12328767
1 0.42427350 0.89863014 0.34461538 0.13150685
