1 0.97504274 0.12054795 0.04991453 0.11506849
1 0.43316239 0.50410959 0.07658120 0.08767123
1 0.64102564 0.48219178 0.06017094 0.08219178
1 0.48786325 0.86575342 0.21333333 0.10958904
1 0.32923077 0.15342466 0.06017094 0.10958904
1 0.42769231 0.15342466 0.13128205 0.10410959
1 0.74495726 0.83835616 0.10393162 0.09863014
1 0.04017094 0.89315068 0.08034188 0.12602740
1 0.60820513 0.13698630 0.14769231 0.12054795
1 0.84888889 0.12602740 0.14222222 0.10410959
1 0.18153846 0.88767123 0.12034188 0.15342466
1 0.12905983 0.16986301 0.25811966 0.09863014
1 0.78324786 0.46575342 0.12581197 0.09863014
