1 0.91709440 0.65981896 0.16581120 0.18721666
1 0.09145365 0.44178411 0.18290730 0.15296877
1 0.28803446 0.48858652 0.18290565 0.17351890
1 0.43333394 0.52625710 0.13162514 0.13927101
1 0.58718250 0.58333458 0.15214014 0.13013918
1 0.17607013 0.84589238 0.24615210 0.13927101
1 0.93846187 0.99657600 0.12307627 0.00684800
1 0.37265012 0.89383803 0.08546987 0.08903890
1 0.02478687 0.05479540 0.04957374 0.10959079
1 0.16666683 0.10274192 0.15555698 0.11415496
1 0.31367472 0.14612164 0.09401895 0.10045721
1 0.43077131 0.17009447 0.08546987 0.13470510
1 0.57948762 0.19863321 0.18119724 0.11872088
1 0.58718250 0.94520636 0.11452696 0.09132537
