1 0.060684 0.702055 0.114530 0.121005
1 0.970940 0.067352 0.058120 0.070776
0 0.976068 0.781963 0.041026 0.093607
1 0.657265 0.062785 0.104274 0.089041
1 0.121368 0.374429 0.239316 0.136986
1 0.870940 0.066210 0.104274 0.082192
1 0.368376 0.703196 0.459829 0.127854
1 0.513675 0.061644 0.121368 0.105023
1 0.352991 0.063927 0.114530 0.114155
1 0.864957 0.385845 0.164103 0.109589
1 0.120513 0.061644 0.237607 0.100457
1 0.499145 0.384703 0.454701 0.121005
1 0.672650 0.724886 0.076923 0.121005
1 0.800000 0.724886 0.136752 0.116438
