1 0.43965812 0.03287671 0.08205128 0.06575342
1 0.56000000 0.03835616 0.06564103 0.04931507
1 0.09504274 0.72328767 0.08752137 0.07671233
1 0.98649573 0.69041096 0.02700855 0.05479452
1 0.33572650 0.37260274 0.08205128 0.12602740
1 0.47247863 0.35068493 0.10393162 0.14246575
1 0.81709402 0.35068493 0.20239316 0.11506849
1 0.41777778 0.69041096 0.27897436 0.11506849
1 0.73504274 0.68493151 0.11487179 0.10410959
1 0.17709402 0.37808219 0.10393162 0.13698630
1 0.59829060 0.69589041 0.04376068 0.06027397
