0 0.06922875 0.69178126 0.07350395 0.09589129
0 0.04273428 0.53538981 0.04102302 0.05707748
0 0.17606783 0.74543605 0.05128052 0.07990707
0 0.69743612 0.16209973 0.06495486 0.06392986
0 0.41453205 0.17579748 0.05982961 0.06392986
0 0.41367784 0.38584373 0.03077251 0.05022510
0 0.14786494 0.63470378 0.06324644 0.07762762
0 0.17265099 0.55593293 0.06153802 0.03881381
0 0.50341875 0.74885874 0.04615527 0.05936395
0 0.27094099 0.58219222 0.03589776 0.03652734
0 0.29316442 0.51826236 0.03248093 0.04109326
0 0.12222468 0.83447496 0.04273843 0.04794564
0 0.36837678 0.85730455 0.02222343 0.03424789
0 0.55469927 0.88812975 0.02222343 0.02739551
