1 0.04923077 0.67671233 0.08752137 0.11506849
1 0.90256410 0.36438356 0.13675214 0.12602740
1 0.05470085 0.97123288 0.09846154 0.05753425
1 0.51418803 0.03835616 0.10940171 0.07671233
1 0.49777778 0.69315068 0.22427350 0.16438356
1 0.47042735 0.35342466 0.25162393 0.14246575
1 0.85880342 0.04383562 0.22427350 0.08767123
1 0.22974359 0.69315068 0.15863248 0.16438356
1 0.83692308 0.70410959 0.28991453 0.12054795
1 0.74940171 0.36986301 0.13128205 0.15342466
1 0.18051282 0.35890411 0.07658120 0.13150685
1 0.04923077 0.03698630 0.09846154 0.07397260
