1 0.73059829 0.36712329 0.07658120 0.09315068
1 0.11794872 0.35068493 0.20786325 0.12054795
1 0.44068376 0.72328767 0.10393162 0.12054795
1 0.61025641 0.36164384 0.11487179 0.10958904
1 0.94188034 0.74520548 0.11623932 0.11506849
1 0.13982906 0.72328767 0.16410256 0.13150685
1 0.28752137 0.35616438 0.07111111 0.09315068
1 0.39692308 0.37260274 0.07111111 0.10410959
1 0.91452991 0.38904110 0.17094017 0.12602740
1 0.55008547 0.73424658 0.07658120 0.08767123
1 0.74700855 0.75068493 0.13675214 0.08767123
1 0.84341880 0.05479452 0.31316239 0.10958904
