1 0.07760684 0.11232877 0.06564103 0.08219178
1 0.36205128 0.46301370 0.07658120 0.07671233
1 0.20888889 0.10136986 0.08205128 0.09863014
1 0.50974359 0.80273973 0.05470085 0.08767123
1 0.86529915 0.80273973 0.10393162 0.08767123
1 0.63555556 0.80821918 0.08205128 0.09315068
1 0.66290598 0.45753425 0.03829060 0.08767123
1 0.76683761 0.42465753 0.10393162 0.09863014
1 0.53709402 0.44657534 0.12034188 0.08767123
1 0.59179487 0.07397260 0.14769231 0.06575342
1 0.05025641 0.84109589 0.04923077 0.07123288
1 0.78871795 0.05753425 0.04923077 0.05479452
