1 0.94290598 0.97397260 0.05470085 0.05205479
1 0.17709402 0.26301370 0.09846154 0.12602740
1 0.70769231 0.26849315 0.07111111 0.09863014
1 0.06222222 0.25753425 0.09299145 0.11506849
1 0.30290598 0.94794521 0.37196581 0.10410959
1 0.30290598 0.58630137 0.10393162 0.12054795
1 0.94957265 0.60821918 0.10085470 0.12602740
1 0.78427350 0.60821918 0.13128205 0.14794521
1 0.89760684 0.27945205 0.20478632 0.17534247
1 0.27555556 0.26301370 0.06017094 0.09863014
1 0.36854701 0.28493151 0.06017094 0.08219178
1 0.45606838 0.28493151 0.04923077 0.08767123
1 0.61470085 0.94931507 0.09846154 0.10136986
1 0.72957265 0.95616438 0.07658120 0.08767123
1 0.83897436 0.95753425 0.08752137 0.08493151
