0 0.04273614 0.45662159 0.07521236 0.07306170
0 0.21025904 0.27625732 0.04786369 0.07762762
0 0.10427416 0.24086619 0.04444685 0.07534115
0 0.15384626 0.29566422 0.02734868 0.05707748
0 0.17521548 0.87328921 0.22735251 0.25342159
0 0.40940165 0.90753534 0.12136763 0.18492932
0 0.40683903 0.90525238 0.11965921 0.18949523
0 0.50342061 0.94520592 0.06324644 0.10958816
0 0.61282232 0.73858630 0.08034462 0.14383693
0 0.61709336 0.94634740 0.12991672 0.10730521
0 0.73248153 0.96917874 0.08717828 0.06164252
0 0.04102772 0.13356362 0.05128052 0.07534115
0 0.87521138 0.85388449 0.04102302 0.04565918
0 0.75983021 0.85730718 0.03248093 0.04337973
0 0.73846099 0.35845085 0.04786369 0.06392986
0 0.74016941 0.22488899 0.07179553 0.06164340
