1 0.284615 0.456621 0.285470 0.109589
1 0.007692 0.466895 0.011966 0.093607
1 0.820513 0.949772 0.064957 0.082192
1 0.093162 0.488584 0.097436 0.086758
1 0.951282 0.495434 0.076923 0.082192
1 0.513675 0.936073 0.052991 0.073059
1 0.617949 0.077626 0.087179 0.105023
1 0.069231 0.916667 0.135043 0.125571
1 0.830769 0.478311 0.136752 0.102740
1 0.284615 0.922374 0.179487 0.086758
1 0.875214 0.084475 0.242735 0.132420
1 0.607692 0.484018 0.223932 0.127854
1 0.448718 0.078767 0.162393 0.121005
1 0.017094 0.084475 0.030769 0.132420
1 0.202564 0.084475 0.179487 0.136986
