1 0.31487179 0.01232877 0.09299145 0.02465753
1 0.77435897 0.43287671 0.27350427 0.14246575
1 0.46256410 0.01232877 0.07111111 0.02465753
1 0.18905983 0.00136986 0.06564103 0.00273973
1 0.37504274 0.80000000 0.08752137 0.13150685
1 0.47897436 0.40547945 0.21880342 0.11506849
1 0.92273504 0.85479452 0.15452991 0.14794521
1 0.02752137 0.37808219 0.05504274 0.10958904
1 0.73059829 0.02876712 0.15316239 0.05753425
1 0.95418803 0.04520548 0.09162393 0.09041096
1 0.69230769 0.84383562 0.20239316 0.10958904
1 0.29299145 0.40000000 0.09846154 0.12054795
1 0.14529915 0.36712329 0.08205128 0.10958904
1 0.03572650 0.77260274 0.07145299 0.08219178
1 0.48991453 0.83287671 0.08205128 0.11506849
