1 0.86324732 0.02511562 0.16410606 0.05023123
1 0.99401939 0.07191803 0.01196122 0.14383605
1 0.01538604 0.13013830 0.03077208 0.17808482
1 0.17521034 0.17465425 0.12820830 0.15753468
1 0.49487338 0.26027748 0.33333038 0.23287584
1 0.83248181 0.35730499 0.17778040 0.20775978
1 0.02051304 0.50685107 0.04102608 0.21917808
1 0.18803747 0.57420362 0.26325027 0.25342597
1 0.58803112 0.68607211 0.26666710 0.25799189
1 0.88889048 0.80935890 0.22221905 0.18036427
1 0.03760771 0.90410959 0.07521543 0.19178082
1 0.16837667 0.93949721 0.19999683 0.12100559
1 0.36751929 0.96917918 0.21538658 0.06164164
