1 0.55350427 0.94246575 0.06564103 0.08219178
1 0.98598291 0.22465753 0.02803419 0.07671233
1 0.52068376 0.25205479 0.06564103 0.08219178
1 0.83794872 0.22465753 0.06564103 0.07671233
1 0.64649573 0.93698630 0.06017094 0.08219178
1 0.03743590 0.63561644 0.07487179 0.06575342
1 0.12136752 0.26849315 0.09846154 0.07671233
1 0.66837607 0.23561644 0.10393162 0.07123288
1 0.27452991 0.96438356 0.04923077 0.07123288
1 0.43316239 0.94246575 0.06564103 0.09315068
1 0.48786325 0.60821918 0.10393162 0.08219178
1 0.81606838 0.93698630 0.08205128 0.08767123
1 0.24170940 0.61917808 0.10393162 0.04931507
0 0.15965812 0.47671233 0.03282051 0.05479452
1 0.83555556 0.59726027 0.32888889 0.08219178
1 0.35658120 0.59726027 0.09299145 0.04931507
