1 0.72307692 0.03835616 0.12581197 0.07671233
1 0.85435897 0.02876712 0.08752137 0.05753425
1 0.29641026 0.29315068 0.13675214 0.08219178
1 0.43863248 0.30410959 0.07111111 0.06575342
1 0.54256410 0.32602740 0.06564103 0.08219178
1 0.77777778 0.68767123 0.06017094 0.07671233
1 0.96820513 0.34246575 0.06358974 0.09315068
1 0.33470085 0.64383562 0.08752137 0.11506849
1 0.20888889 0.63835616 0.13128205 0.09315068
1 0.75042735 0.31506849 0.26803419 0.10410959
1 0.63555556 0.98356164 0.10940171 0.03287671
1 0.29641026 0.95753425 0.12034188 0.08493151
1 0.50974359 0.65479452 0.16957265 0.09863014
1 0.09623932 0.94657534 0.19247863 0.10684932
1 0.10717949 0.29315068 0.21435897 0.15342466
