0 0.13076863 0.16895123 0.11452696 0.16895299
0 0.25042784 0.21346718 0.08034462 0.11644142
0 0.28717982 0.04109852 0.04786369 0.04109326
0 0.45470271 0.09361008 0.06837869 0.07762762
0 0.54957588 0.10730784 0.11795080 0.15981414
0 0.24786522 0.40068384 0.08546987 0.10730258
0 0.67265192 0.54452077 0.07350395 0.07077523
0 0.92649890 0.02397107 0.03760618 0.04337973
0 0.99145409 0.11187375 0.01709183 0.04565918
0 0.92991573 0.17922630 0.04786369 0.07077523
0 0.69572956 0.25228099 0.05469735 0.06620932
0 0.74957270 0.41666805 0.08034462 0.08447299
0 0.82222244 0.37556778 0.05812119 0.06620932
0 0.41025586 0.72374181 0.03760618 0.04565918
0 0.41367270 0.45205216 0.02734868 0.03652734
