1 0.60923077 0.16712329 0.06564103 0.07123288
1 0.54358974 0.91232877 0.07658120 0.06027397
1 0.63111111 0.90136986 0.04376068 0.05479452
1 0.48341880 0.17808219 0.06564103 0.08219178
1 0.70769231 0.16164384 0.05470085 0.07671233
1 0.34119658 0.91780822 0.06017094 0.07671233
1 0.82256410 0.15616438 0.09846154 0.08219178
1 0.07623932 0.21095890 0.15247863 0.08767123
1 0.27555556 0.20547945 0.06564103 0.07123288
1 0.76239316 0.89041096 0.06564103 0.08767123
1 0.97829060 0.87397260 0.04341880 0.10410959
1 0.17709402 0.93972603 0.09299145 0.07671233
