0 0.03846006 0.91210082 0.07692012 0.17579836
0 0.56666519 0.97374597 0.08034462 0.05250805
0 0.30598455 0.08904329 0.06495486 0.09589129
0 0.24615494 0.50799255 0.09914421 0.13470510
0 0.16581032 0.33561688 0.19828841 0.11415496
0 0.41367784 0.30251222 0.09914421 0.07534115
0 0.59059703 0.02853742 0.14871631 0.05707485
0 0.57948532 0.23173699 0.14359106 0.34018542
0 0.46239573 0.58904285 0.24444368 0.19178258
0 0.18717954 0.87899616 0.09743579 0.15524822
0 0.50683558 0.82762784 0.17606498 0.10730258
