1 0.38700855 0.36712329 0.30632479 0.12054795
1 0.67692308 0.34520548 0.11487179 0.13150685
1 0.28307692 0.75616438 0.27897436 0.09315068
1 0.11897436 0.38904110 0.19145299 0.09863014
1 0.37059829 0.03013699 0.09846154 0.06027397
1 0.75897436 0.70684932 0.15863248 0.12602740
1 0.15179487 0.04383562 0.24068376 0.08767123
1 0.75350427 0.02739726 0.24615385 0.05479452
1 0.93692308 0.35068493 0.12615385 0.16438356
1 0.55111111 0.73424658 0.16957265 0.12602740
1 0.06974359 0.77260274 0.04923077 0.11506849
1 0.91760684 0.70136986 0.12034188 0.12602740
