1 0.02290598 0.69041096 0.04581197 0.14794521
1 0.12786325 0.69589041 0.08752137 0.12054795
1 0.24273504 0.71780822 0.09299145 0.12054795
1 0.12239316 0.27945205 0.08752137 0.10410959
1 0.62564103 0.72328767 0.08752137 0.15342466
1 0.72957265 0.32328767 0.09846154 0.10410959
1 0.79521368 0.76164384 0.20786325 0.13698630
1 0.44512821 0.72328767 0.22427350 0.13150685
1 0.57094017 0.31780822 0.08205128 0.12054795
1 0.97145299 0.76712329 0.05709402 0.12054795
1 0.89367521 0.35616438 0.18598291 0.13698630
1 0.28102564 0.31232877 0.19692308 0.13150685
