1 0.31931624 0.48219178 0.05470085 0.06027397
1 0.58735043 0.84383562 0.06017094 0.06575342
1 0.23179487 0.84383562 0.07658120 0.11506849
1 0.52170940 0.45479452 0.04923077 0.07123288
1 0.19897436 0.12054795 0.05470085 0.07123288
1 0.33025641 0.84931507 0.07658120 0.08219178
1 0.32478632 0.12054795 0.07111111 0.09315068
1 0.87726496 0.47123288 0.12034188 0.10958904
1 0.17162393 0.48219178 0.08752137 0.09863014
1 0.69675214 0.84931507 0.08752137 0.11506849
1 0.85538462 0.83287671 0.09299145 0.11506849
1 0.11692308 0.84383562 0.10393162 0.16986301
