1 0.02803419 0.51780822 0.05606838 0.12054795
1 0.44717949 0.14520548 0.09299145 0.09315068
1 0.83008547 0.57260274 0.10393162 0.17534247
1 0.96700855 0.16712329 0.06598291 0.18630137
1 0.98205128 0.97260274 0.03589744 0.05479452
1 0.01846154 0.11780822 0.03692308 0.12054795
1 0.95743590 0.61095890 0.08512821 0.26849315
1 0.34871795 0.94794521 0.14769231 0.10410959
1 0.69333333 0.55616438 0.12581197 0.13698630
1 0.56205128 0.94520548 0.12034188 0.10958904
1 0.18461538 0.93972603 0.09846154 0.10958904
1 0.05264957 0.92328767 0.10529915 0.15342466
1 0.12991453 0.12876712 0.08752137 0.13150685
1 0.62222222 0.15616438 0.10393162 0.13150685
1 0.78632479 0.95753425 0.25162393 0.08493151
1 0.46358974 0.54520548 0.14769231 0.13698630
1 0.33777778 0.13972603 0.06564103 0.12054795
1 0.21743590 0.55068493 0.24615385 0.09863014
