1 0.22632479 0.95753425 0.09299145 0.08493151
1 0.25914530 0.59178082 0.25162393 0.20273973
1 0.76239316 0.60821918 0.08752137 0.10958904
1 0.56000000 0.19726027 0.38290598 0.14794521
1 0.83350427 0.21917808 0.09846154 0.10958904
1 0.03658120 0.15890411 0.07316239 0.12054795
1 0.56547009 0.58630137 0.11487179 0.15342466
1 0.94837607 0.63013699 0.09846154 0.15890411
1 0.26461538 0.17534247 0.09846154 0.12602740
1 0.89623932 0.98082192 0.20752137 0.03835616
1 0.57641026 0.95890411 0.18598291 0.08219178
1 0.95384615 0.22465753 0.08205128 0.10410959
