1 0.39692308 0.87945205 0.04376068 0.06027397
1 0.95145299 0.11780822 0.09709402 0.09315068
1 0.47350427 0.88493151 0.05470085 0.07123288
1 0.83452991 0.12876712 0.10393162 0.11506849
1 0.09059829 0.10684932 0.09299145 0.08767123
1 0.58837607 0.87945205 0.08205128 0.09315068
1 0.30940171 0.11232877 0.06017094 0.09863014
1 0.62666667 0.47945205 0.07111111 0.10410959
1 0.69777778 0.12328767 0.10393162 0.10958904
1 0.02752137 0.49589041 0.05504274 0.10958904
1 0.74700855 0.47397260 0.08752137 0.10958904
1 0.70871795 0.88493151 0.08752137 0.13150685
