1 0.114530 0.376712 0.054701 0.073059
1 0.864957 0.119863 0.037607 0.047945
1 0.976068 0.454338 0.047863 0.050228
1 0.289744 0.392694 0.049573 0.082192
1 0.240171 0.075342 0.049573 0.063927
1 0.535897 0.092466 0.049573 0.066210
1 0.487179 0.404110 0.047863 0.059361
1 0.977778 0.787671 0.044444 0.082192
1 0.333333 0.075342 0.054701 0.059361
1 0.183761 0.394977 0.032479 0.077626
1 0.175214 0.716895 0.070085 0.086758
1 0.377778 0.409817 0.071795 0.089041
1 0.335897 0.728311 0.124786 0.100457
1 0.435897 0.730594 0.047863 0.059361
