1 0.46461538 0.58356164 0.06017094 0.07123288
1 0.38256410 0.58356164 0.04923077 0.07671233
1 0.04341880 0.56712329 0.04923077 0.06575342
1 0.13094017 0.56164384 0.04923077 0.06575342
1 0.09008547 0.26027397 0.18017094 0.10958904
1 0.60136752 0.58904110 0.10940171 0.09315068
1 0.24581197 0.57808219 0.07111111 0.09315068
1 0.28410256 0.27123288 0.16957265 0.09315068
1 0.78735043 0.29863014 0.24068376 0.12054795
1 0.48102564 0.28767123 0.15316239 0.12054795
1 0.82017094 0.61095890 0.22427350 0.10410959
