1 0.078632 0.047945 0.153846 0.091324
1 0.683761 0.719178 0.061538 0.077626
1 0.405128 0.062785 0.088889 0.098174
1 0.131624 0.388128 0.092308 0.114155
1 0.519658 0.398402 0.088889 0.125571
1 0.788034 0.366438 0.099145 0.121005
1 0.240171 0.711187 0.114530 0.125571
1 0.025641 0.388128 0.047863 0.118721
1 0.892308 0.706621 0.164103 0.125571
1 0.053846 0.721461 0.104274 0.132420
1 0.438462 0.711187 0.141880 0.148402
1 0.328205 0.388128 0.181197 0.127854
1 0.546154 0.737443 0.035897 0.050228
1 0.770940 0.737443 0.030769 0.050228
