0 0.96752049 0.42351868 0.06495902 0.11187551
0 0.83675099 0.59360789 0.05982961 0.11872088
0 0.59657835 0.33105008 0.07862920 0.10045721
0 0.52222020 0.43150729 0.09059512 0.10958904
0 0.40513061 0.40296855 0.04102302 0.05251156
0 0.68803468 0.45091419 0.05298894 0.05707748
0 0.93076994 0.71803792 0.08376145 0.10273666
0 0.95384758 0.61529425 0.07521236 0.09360482
0 0.87008613 0.90068164 0.22906092 0.19862795
0 0.68888889 0.98630181 0.08205303 0.02739638
0 0.93333465 0.16209710 0.13333071 0.14155047
0 0.83931361 0.70890608 0.09231054 0.08903890
0 0.50427482 0.15867441 0.05812119 0.05251156
0 0.69315993 0.08789918 0.11795080 0.17579836
0 0.80769389 0.16324033 0.05298894 0.12557326
0 0.59145310 0.15068581 0.06153802 0.06392986
0 0.32564021 0.05936044 0.08376145 0.11872088
0 0.08803720 0.71803792 0.10769329 0.06620932
0 0.55384692 0.93265008 0.05812119 0.13013918
0 0.66666546 0.59018521 0.11965921 0.08903890
0 0.66495705 0.73515836 0.06153802 0.13698455
0 0.61794757 0.87214290 0.05982961 0.12328679
0 0.11453166 0.42465490 0.08205303 0.09589129
