0 0.011966 0.078767 0.020513 0.034247
0 0.064103 0.060502 0.049573 0.052511
0 0.245299 0.135845 0.059829 0.079909
0 0.174359 0.054795 0.061538 0.100457
0 0.123932 0.141553 0.046154 0.073059
0 0.209402 0.231735 0.107692 0.066210
0 0.358120 0.740868 0.080342 0.148402
0 0.369231 0.906393 0.061538 0.118721
0 0.378632 0.339041 0.049573 0.084475
0 0.306838 0.351598 0.046154 0.063927
0 0.245299 0.375571 0.046154 0.047945
0 0.380342 0.236301 0.035897 0.047945
0 0.285470 0.051370 0.047863 0.047945
0 0.405128 0.131279 0.047863 0.084475
0 0.198291 0.674658 0.023932 0.038813
0 0.306838 0.536530 0.073504 0.100457
0 0.378632 0.584475 0.070085 0.063927
