1 0.18598291 0.75616438 0.37196581 0.13150685
1 0.93623932 0.47123288 0.12752137 0.09863014
1 0.86786325 0.14246575 0.26427350 0.12054795
1 0.72752137 0.44931507 0.20786325 0.11506849
1 0.70564103 0.81095890 0.09299145 0.12054795
1 0.83692308 0.80547945 0.12581197 0.12602740
1 0.48683761 0.78904110 0.18598291 0.10958904
1 0.24068376 0.06849315 0.48136752 0.13698630
1 0.61811966 0.12054795 0.20786325 0.11506849
1 0.51965812 0.47123288 0.10393162 0.10958904
1 0.18051282 0.42739726 0.36102564 0.15342466
