1 0.25470085 0.27671233 0.15316239 0.13150685
1 0.45162393 0.99726027 0.06017094 0.00547945
1 0.40239316 0.30958904 0.10940171 0.14246575
1 0.16427350 0.61643836 0.32854701 0.12602740
1 0.79076923 0.75890411 0.08752137 0.10958904
1 0.90564103 0.79726027 0.08752137 0.10958904
1 0.07418803 0.95479452 0.12034188 0.09041096
1 0.56649573 0.71506849 0.23521368 0.14794521
1 0.91111111 0.43013699 0.13675214 0.13698630
1 0.58290598 0.02876712 0.19692308 0.05753425
1 0.56649573 0.35342466 0.13675214 0.14246575
1 0.07675214 0.21643836 0.15350427 0.15342466
1 0.73059829 0.39178082 0.13675214 0.15342466
1 0.80717949 0.05342466 0.20786325 0.10684932
