1 0.56991453 0.02739726 0.08752137 0.05479452
1 0.76683761 0.04931507 0.10940171 0.08219178
1 0.36205128 0.31232877 0.09846154 0.09863014
1 0.00051282 0.55342466 0.00102564 0.11506849
1 0.39487179 0.98356164 0.10940171 0.03287671
1 0.65196581 0.72328767 0.20239316 0.13150685
1 0.08307692 0.23561644 0.12581197 0.11506849
1 0.13777778 0.60821918 0.14769231 0.11506849
1 0.41128205 0.67397260 0.16410256 0.11506849
1 0.20341880 0.94109589 0.17504274 0.11780822
1 0.68478632 0.37808219 0.22974359 0.15342466
