1 0.10461538 0.04931507 0.08752137 0.09315068
1 0.33982906 0.41095890 0.37196581 0.13150685
1 0.64068376 0.09315068 0.33914530 0.12054795
1 0.67350427 0.78904110 0.12581197 0.10958904
1 0.88683761 0.80547945 0.21333333 0.11506849
1 0.39452991 0.75616438 0.13128205 0.09863014
1 0.91880342 0.47671233 0.16239316 0.11506849
1 0.05504274 0.39452055 0.11008547 0.11506849
1 0.14837607 0.74520548 0.25709402 0.12054795
1 0.25777778 0.06712329 0.10940171 0.13424658
1 0.91418803 0.12602740 0.15863248 0.11506849
