1 0.31487179 0.96027397 0.09299145 0.07945205
1 0.46256410 0.97123288 0.07111111 0.05753425
1 0.18905983 0.96027397 0.06564103 0.07945205
1 0.07965812 0.53424658 0.07658120 0.11506849
1 0.50632479 0.56712329 0.08205128 0.10958904
1 0.73059829 0.96575342 0.15316239 0.06849315
1 0.24923077 0.56164384 0.12581197 0.10958904
1 0.95418803 0.97671233 0.09162393 0.04657534
1 0.75247863 0.61095890 0.21333333 0.16986301
1 0.35316239 0.17260274 0.18598291 0.14794521
1 0.94735043 0.61643836 0.10529915 0.16438356
1 0.12598291 0.15068493 0.25196581 0.12054795
1 0.93094017 0.20000000 0.13811966 0.18630137
1 0.04683761 0.95616438 0.09299145 0.07671233
