1 0.34666667 0.27123288 0.07658120 0.10410959
1 0.82803419 0.32054795 0.20239316 0.10410959
1 0.16615385 0.60547945 0.10393162 0.10410959
1 0.14427350 0.92876712 0.23521368 0.10958904
1 0.90307692 0.66575342 0.19384615 0.13698630
1 0.69675214 0.66027397 0.13128205 0.13150685
1 0.17162393 0.25479452 0.16410256 0.10410959
1 0.36854701 0.95616438 0.08205128 0.08767123
1 0.37948718 0.61095890 0.05470085 0.10958904
1 0.64752137 0.96438356 0.22427350 0.07123288
1 0.83897436 0.97808219 0.07111111 0.04383562
1 0.04068376 0.58904110 0.08136752 0.09863014
1 0.98512821 0.34794521 0.02974359 0.08767123
1 0.52170940 0.30410959 0.09299145 0.09315068
