1 0.06324786 0.47671233 0.06017094 0.09863014
1 0.31487179 0.51506849 0.08205128 0.08767123
1 0.35863248 0.13150685 0.06564103 0.08219178
1 0.90564103 0.19178082 0.06017094 0.10410959
1 0.91111111 0.96027397 0.07658120 0.07945205
1 0.43521368 0.54794521 0.03282051 0.08767123
1 0.69230769 0.56438356 0.12581197 0.11506849
1 0.42427350 0.90410959 0.09846154 0.13698630
1 0.74153846 0.16986301 0.09846154 0.09863014
1 0.07264957 0.85479452 0.14529915 0.10410959
1 0.70871795 0.93424658 0.09846154 0.13150685
1 0.06307692 0.08219178 0.12615385 0.12054795
1 0.85641026 0.58630137 0.14222222 0.12602740
