1 0.18905983 0.91506849 0.06564103 0.09315068
1 0.30940171 0.94109589 0.09299145 0.11780822
1 0.02615385 0.90958904 0.05230769 0.11506849
1 0.42427350 0.58082192 0.09299145 0.13150685
1 0.23829060 0.58630137 0.09299145 0.12054795
1 0.61025641 0.26301370 0.38837607 0.10958904
1 0.90017094 0.96027397 0.18598291 0.07945205
1 0.46803419 0.93150685 0.16957265 0.13150685
1 0.69230769 0.94657534 0.19145299 0.10684932
1 0.21641026 0.25205479 0.32273504 0.13150685
1 0.08512821 0.58630137 0.14769231 0.12602740
1 0.87829060 0.33424658 0.06017094 0.07671233
1 0.55008547 0.60821918 0.08752137 0.13698630
1 0.65948718 0.62465753 0.07111111 0.10958904
1 0.77435897 0.63561644 0.08752137 0.12054795
1 0.88376068 0.63561644 0.08752137 0.10958904
