1 0.28649573 0.12328767 0.14222222 0.10958904
1 0.94290598 0.84657534 0.06564103 0.09863014
1 0.34666667 0.46849315 0.08205128 0.09863014
1 0.52170940 0.80821918 0.09299145 0.12054795
1 0.07760684 0.10136986 0.15521368 0.14794521
1 0.53264957 0.47945205 0.21333333 0.11506849
1 0.63658120 0.12876712 0.41025641 0.11506849
1 0.16068376 0.45753425 0.20786325 0.10958904
1 0.87726496 0.49041096 0.13675214 0.11506849
1 0.35213675 0.83561644 0.21880342 0.13698630
1 0.09948718 0.80273973 0.19897436 0.13698630
1 0.64205128 0.83561644 0.08752137 0.14246575
1 0.78427350 0.84109589 0.19145299 0.10410959
