1 0.24478632 0.84383562 0.04376068 0.06027397
1 0.92307692 0.18630137 0.04376068 0.06575342
1 0.16273504 0.84383562 0.06017094 0.07123288
1 0.75350427 0.52054795 0.06564103 0.07671233
1 0.48000000 0.14794521 0.05470085 0.06027397
1 0.85196581 0.88219178 0.07658120 0.10958904
1 0.61675214 0.16986301 0.07658120 0.07671233
1 0.41435897 0.86027397 0.10393162 0.09863014
1 0.87384615 0.52602740 0.08752137 0.11506849
1 0.04170940 0.82739726 0.08341880 0.10410959
1 0.26119658 0.14246575 0.09846154 0.14246575
