1 0.91965812 0.78904110 0.15863248 0.13698630
1 0.41094017 0.82739726 0.15863248 0.14246575
1 0.30153846 0.15342466 0.20786325 0.12054795
1 0.70085470 0.80000000 0.25709402 0.14246575
1 0.04957265 0.17534247 0.09914530 0.10958904
1 0.76102564 0.11506849 0.24615385 0.11506849
1 0.48205128 0.47123288 0.15863248 0.14794521
1 0.52581197 0.14794521 0.13675214 0.10410959
1 0.88683761 0.44383562 0.19145299 0.12602740
1 0.17025641 0.86575342 0.28991453 0.12054795
1 0.96803419 0.10410959 0.06393162 0.09315068
1 0.65162393 0.48219178 0.15863248 0.12602740
