1 0.26119658 0.93972603 0.08752137 0.08219178
1 0.95606838 0.17260274 0.08786325 0.07671233
1 0.92307692 0.17808219 0.06017094 0.07123288
1 0.10803419 0.95068493 0.05470085 0.07671233
1 0.64957265 0.91780822 0.05470085 0.06575342
1 0.25572650 0.22191781 0.06017094 0.08767123
1 0.81367521 0.17808219 0.09299145 0.08767123
1 0.64410256 0.18904110 0.06564103 0.07123288
1 0.11350427 0.23835616 0.06564103 0.08219178
1 0.89025641 0.89589041 0.07111111 0.08767123
1 0.01572650 0.23835616 0.03145299 0.10410959
1 0.35965812 0.21643836 0.09846154 0.08767123
