1 0.77333333 0.98356164 0.07111111 0.03287671
1 0.58188034 0.16164384 0.09299145 0.11506849
1 0.92649573 0.97123288 0.09299145 0.05753425
1 0.75145299 0.57260274 0.08205128 0.13698630
1 0.14188034 0.90821918 0.28376068 0.18356164
1 0.99880342 0.22191781 0.00239316 0.16986301
1 0.88820513 0.59452055 0.13128205 0.15342466
1 0.59829060 0.94383562 0.16410256 0.11232877
1 0.37948718 0.92739726 0.10940171 0.14520548
1 0.24820513 0.12876712 0.18598291 0.20273973
1 0.20205128 0.50136986 0.40410256 0.18082192
