1 0.55008547 0.98767123 0.04923077 0.02465753
1 0.66495726 0.97534247 0.09299145 0.04931507
1 0.15076923 0.33150685 0.07658120 0.07671233
1 0.94940171 0.24931507 0.04923077 0.06575342
1 0.87282051 0.24383562 0.05470085 0.07123288
1 0.50085470 0.29315068 0.06564103 0.09863014
1 0.93230769 0.96301370 0.13538462 0.07397260
1 0.05777778 0.33150685 0.05470085 0.07123288
1 0.79623932 0.97671233 0.06564103 0.04657534
1 0.40786325 0.30958904 0.07658120 0.09863014
1 0.62119658 0.27123288 0.09299145 0.13698630
