1 0.58974140 0.46575605 0.08888670 0.08219353
1 0.96581218 0.50342663 0.06837563 0.07990707
1 0.51196641 0.78310488 0.09743579 0.10502312
1 0.75384747 0.79794586 0.33846263 0.12100734
1 0.97606794 0.81050038 0.04786412 0.10045721
1 0.09145075 0.75114345 0.09743579 0.10045721
1 0.30256629 0.77397304 0.06153802 0.10502312
0 0.80085694 0.24086882 0.07350395 0.10730258
0 0.73931892 0.42123310 0.04273843 0.06164340
0 0.96666639 0.98059485 0.06666721 0.03881030
0 0.40171050 0.12785710 0.09572737 0.10045721
