1 0.80598291 0.14520548 0.38803419 0.10958904
1 0.36854701 0.13972603 0.23521368 0.11506849
1 0.14427350 0.15068493 0.09299145 0.10958904
1 0.44512821 0.89589041 0.23521368 0.13698630
1 0.93726496 0.87397260 0.12547009 0.14246575
1 0.12239316 0.51780822 0.21880342 0.13150685
1 0.28649573 0.55068493 0.05470085 0.12054795
1 0.38495726 0.53424658 0.10393162 0.15890411
1 0.58188034 0.50136986 0.20239316 0.12054795
1 0.02564103 0.14520548 0.05128205 0.14246575
1 0.09675214 0.90684932 0.19350427 0.14246575
1 0.69675214 0.87945205 0.12034188 0.13698630
1 0.89213675 0.50684932 0.21572650 0.13698630
1 0.54905983 0.13424658 0.07111111 0.11506849
