1 0.09811966 0.88219178 0.04923077 0.06575342
1 0.19658120 0.86027397 0.06017094 0.09315068
1 0.59589744 0.82739726 0.06564103 0.07671233
1 0.80923077 0.80547945 0.18598291 0.08219178
1 0.16923077 0.52054795 0.06564103 0.07671233
1 0.33880342 0.84383562 0.10393162 0.10410959
1 0.29504274 0.14794521 0.08752137 0.07671233
1 0.32239316 0.49863014 0.06017094 0.08767123
1 0.43179487 0.49315068 0.04923077 0.08219178
1 0.56854701 0.49315068 0.03282051 0.07671233
1 0.65059829 0.47123288 0.04376068 0.06027397
1 0.91316239 0.47123288 0.06564103 0.09315068
1 0.02444444 0.90410959 0.04888889 0.07671233
1 0.70529915 0.12602740 0.03829060 0.07123288
1 0.79282051 0.12054795 0.04376068 0.04931507
1 0.04769231 0.53698630 0.09538462 0.08219178
