0 0.59145168 0.47488877 0.09572737 0.14155047
0 0.22649458 0.24657184 0.09401895 0.10958904
0 0.13076721 0.03652997 0.10427646 0.07305995
0 0.29401906 0.94520592 0.08888670 0.10958816
0 0.29145644 0.14155573 0.15555698 0.11872088
0 0.38290576 0.27283112 0.12307605 0.10273666
0 0.40171236 0.17237392 0.04444685 0.09817074
0 0.19487486 0.62100515 0.08888670 0.14611638
0 0.30683919 0.66552811 0.10427646 0.25342597
0 0.13760788 0.85959014 0.06324644 0.09360482
0 0.61196669 0.24771507 0.07862920 0.09360482
0 0.72051419 0.26484252 0.09401895 0.16895299
0 0.79914338 0.47716822 0.14529947 0.27396910
0 0.98974496 0.13470334 0.02051009 0.06392986
0 0.67948417 0.09703277 0.10085262 0.13927101
0 0.45897234 0.40524975 0.14188264 0.13013918
0 0.41624090 0.86186959 0.10085262 0.13927101
