1 0.77230769 0.26301370 0.21880342 0.11506849
1 0.91350427 0.69041096 0.17299145 0.14794521
1 0.31282051 0.63561644 0.16410256 0.09863014
1 0.41128205 1.00000000 0.06564103 0.00000000
1 0.35658120 0.24109589 0.09846154 0.09863014
1 0.10495726 0.20821918 0.12581197 0.08767123
1 0.95282051 0.27397260 0.07658120 0.10958904
1 0.08307692 0.99315068 0.10940171 0.01369863
1 0.09350427 0.62465753 0.18700855 0.12054795
1 0.63008547 0.67945205 0.39384615 0.12054795
1 0.61914530 0.27397260 0.07658120 0.12054795
