1 0.35213675 0.17534247 0.07658120 0.09863014
1 0.93743590 0.88219178 0.10940171 0.10958904
1 0.65299145 0.85479452 0.12581197 0.09863014
1 0.18256410 0.80000000 0.27897436 0.10958904
1 0.91008547 0.54794521 0.14222222 0.12054795
1 0.40136752 0.82739726 0.06564103 0.09863014
1 0.86085470 0.20821918 0.10393162 0.10410959
1 0.50529915 0.18630137 0.13675214 0.09315068
1 0.24820513 0.48767123 0.41025641 0.10958904
1 0.50529915 0.51506849 0.06017094 0.10958904
1 0.61470085 0.52054795 0.10940171 0.10410959
1 0.12273504 0.15890411 0.24547009 0.12602740
1 0.97145299 0.21917808 0.05709402 0.10958904
1 0.77880342 0.88219178 0.06564103 0.10958904
1 0.52717949 0.84931507 0.07111111 0.09863014
0 0.74051282 0.64109589 0.10940171 0.07671233
1 0.77880342 0.53698630 0.07111111 0.07671233
1 0.69675214 0.20821918 0.19692308 0.09315068
0 0.92102564 0.05479452 0.03829060 0.07671233
