1 0.03213675 0.71506849 0.06427350 0.10958904
1 0.03692308 0.04794521 0.06564103 0.09589041
1 0.44170940 0.41369863 0.04923077 0.07123288
1 0.57299145 0.41917808 0.07111111 0.08767123
1 0.40341880 0.75342466 0.20786325 0.12602740
1 0.26666667 0.06301370 0.08752137 0.11506849
1 0.15179487 0.73150685 0.12034188 0.09863014
1 0.96974359 0.80273973 0.06051282 0.10958904
1 0.60034188 0.07945205 0.12581197 0.12602740
1 0.91760684 0.11232877 0.13675214 0.12054795
1 0.74256410 0.79178082 0.31179487 0.10410959
1 0.22837607 0.40273973 0.30085470 0.08219178
1 0.85743590 0.45205479 0.06017094 0.08767123
