1 0.24170940 0.86575342 0.07658120 0.08219178
1 0.35658120 0.86027397 0.08752137 0.06575342
1 0.12683761 0.50958904 0.07658120 0.07671233
1 0.13230769 0.88219178 0.10940171 0.07671233
1 0.95316239 0.10410959 0.09367521 0.10958904
1 0.94188034 0.82191781 0.08205128 0.10958904
1 0.72854701 0.11506849 0.10940171 0.09315068
1 0.52068376 0.12602740 0.10393162 0.09863014
1 0.91760684 0.46027397 0.16478632 0.10410959
1 0.81059829 0.83287671 0.10393162 0.11506849
1 0.38940171 0.49315068 0.32820513 0.11506849
1 0.31829060 0.12602740 0.16957265 0.15890411
1 0.05111111 0.15342466 0.10222222 0.14794521
1 0.46598291 0.86027397 0.06564103 0.07671233
