1 0.92649573 0.95068493 0.10393162 0.08219178
1 0.33572650 0.09589041 0.08205128 0.11506849
1 0.07350427 0.06301370 0.14700855 0.10958904
1 0.21538462 0.09041096 0.07658120 0.12054795
1 0.52170940 0.11780822 0.15863248 0.12602740
1 0.75145299 0.93972603 0.08752137 0.10410959
1 0.81709402 0.13424658 0.09299145 0.13698630
1 0.58188034 0.52328767 0.11487179 0.13150685
1 0.91008547 0.53424658 0.16957265 0.14794521
1 0.94820513 0.15068493 0.10358974 0.12054795
1 0.43418803 0.90136986 0.07111111 0.08219178
