1 0.03760771 0.02625666 0.07521543 0.05251332
1 0.16837667 0.04566005 0.19999683 0.09132011
1 0.36751929 0.07534203 0.21538658 0.15068405
1 0.63162377 0.12442827 0.27521619 0.23516230
1 0.89572589 0.21004449 0.20854821 0.22830992
1 0.17179350 0.42009074 0.26837552 0.22830992
1 0.40597968 0.49429567 0.18632249 0.20775978
1 0.63418639 0.55593907 0.28718211 0.20319386
1 0.88888758 0.63470290 0.18461407 0.23287584
1 0.11795036 0.83105140 0.13675039 0.16895299
1 0.52820852 0.91095803 0.51281920 0.17808395
1 0.93333383 0.98059529 0.13333235 0.03880942
1 0.01709270 0.99543277 0.03418541 0.00913447
