1 0.84786325 0.96164384 0.12034188 0.07671233
1 0.35555556 0.55342466 0.08752137 0.10958904
1 0.10940171 0.87671233 0.08752137 0.11506849
1 0.55247863 0.21917808 0.07658120 0.09863014
1 0.35008547 0.20821918 0.18051282 0.11506849
1 0.15316239 0.50958904 0.09299145 0.11506849
1 0.49777778 0.58082192 0.09846154 0.12054795
1 0.99641026 0.65205479 0.00717949 0.10958904
1 0.67282051 0.25205479 0.06564103 0.09315068
1 0.82051282 0.26849315 0.08205128 0.13150685
1 0.11487179 0.18082192 0.11487179 0.13150685
1 0.74393162 0.59726027 0.14769231 0.09863014
