1 0.14769231 0.20273973 0.08752137 0.07671233
1 0.03829060 0.53698630 0.06564103 0.06575342
1 0.33914530 0.21369863 0.07658120 0.08219178
1 0.04923077 0.20273973 0.06564103 0.08219178
1 0.15863248 0.54794521 0.07658120 0.07671233
1 0.97042735 0.53150685 0.05914530 0.09315068
1 0.78769231 0.55890411 0.21333333 0.13698630
1 0.54153846 0.20821918 0.19692308 0.14794521
1 0.86974359 0.89315068 0.12034188 0.14246575
1 0.35008547 0.55342466 0.19145299 0.14246575
1 0.11487179 0.87123288 0.22974359 0.13150685
1 0.77128205 0.21917808 0.13128205 0.12602740
1 0.62358974 0.89315068 0.22427350 0.15342466
