1 0.75555556 0.40273973 0.19692308 0.12054795
1 0.08273504 0.01506849 0.06017094 0.03013699
1 0.14290598 0.33698630 0.07658120 0.07123288
1 0.02222222 0.33150685 0.04444444 0.08767123
1 0.19760684 0.68767123 0.06564103 0.07123288
1 0.50940171 0.04109589 0.08752137 0.08219178
1 0.74461538 0.04383562 0.10393162 0.08767123
1 0.54769231 0.38082192 0.09846154 0.10958904
1 0.25230769 0.02739726 0.09846154 0.05479452
1 0.86495726 0.40273973 0.21880342 0.13150685
1 0.88136752 0.74246575 0.15316239 0.11506849
