0 0.05299364 0.79109874 0.07862920 0.07990707
0 0.06495956 0.94634608 0.08888670 0.10730784
0 0.23589930 0.96803595 0.06495486 0.06392811
0 0.31966075 0.91895145 0.03418935 0.05707748
0 0.18632719 0.47259967 0.04444685 0.06849578
0 0.43760454 0.77054860 0.02734868 0.03881381
0 0.33333508 0.81849425 0.03077251 0.04337973
0 0.40598482 0.94862904 0.13845880 0.10274192
0 0.52735245 0.96803770 0.10085262 0.06392460
0 0.60683586 0.97831277 0.04444685 0.04337447
0 0.46239059 0.80251003 0.02222343 0.03881381
0 0.79829060 0.39497907 0.15384856 0.19178258
0 0.60000219 0.83333523 0.04444685 0.05479101
0 0.71282073 0.86529666 0.04444685 0.07762762
0 0.74187783 0.76712592 0.04786369 0.07306170
0 0.89743480 0.84361030 0.06837869 0.06164340
0 0.98205046 0.06734816 0.02222343 0.03424789
0 0.90854652 0.91895145 0.02564026 0.03881381
