1 0.57094017 0.44931507 0.06564103 0.10958904
1 0.01880342 0.78904110 0.03760684 0.13150685
1 0.59829060 0.84383562 0.06564103 0.10410959
1 0.94290598 0.49315068 0.07658120 0.09863014
1 0.11145299 0.78356164 0.07658120 0.10958904
1 0.69128205 0.47671233 0.08752137 0.12054795
1 0.78974359 0.13150685 0.06017094 0.08767123
1 0.97555556 0.90410959 0.04888889 0.09315068
1 0.24273504 0.79452055 0.09299145 0.12054795
1 0.16615385 0.06027397 0.11487179 0.10958904
1 0.09504274 0.40000000 0.08205128 0.10958904
