1 0.341026 0.513699 0.083761 0.059361
1 0.860684 0.188356 0.148718 0.075342
1 0.216239 0.505708 0.114530 0.089041
1 0.237607 0.845890 0.126496 0.070776
1 0.822222 0.538813 0.054701 0.082192
1 0.528205 0.511416 0.109402 0.063927
1 0.111111 0.194064 0.037607 0.059361
1 0.906838 0.529680 0.073504 0.054795
1 0.517094 0.192922 0.090598 0.057078
1 0.625641 0.189498 0.037607 0.059361
1 0.692308 0.849315 0.037607 0.059361
1 0.772650 0.860731 0.037607 0.059361
1 0.863248 0.860731 0.037607 0.059361
1 0.548718 0.856164 0.037607 0.059361
