1 0.31282051 0.06575342 0.14222222 0.10958904
1 0.73948718 0.78356164 0.12581197 0.13698630
1 0.91350427 0.46575342 0.17299145 0.13150685
1 0.07572650 0.38904110 0.15145299 0.12602740
1 0.06341880 0.70684932 0.12683761 0.15342466
1 0.24717949 0.72876712 0.09299145 0.14246575
1 0.91760684 0.78904110 0.16478632 0.12602740
1 0.11589744 0.05479452 0.18051282 0.10958904
1 0.38393162 0.72876712 0.10940171 0.12602740
1 0.54803419 0.76164384 0.16410256 0.13150685
1 0.38940171 0.40547945 0.15316239 0.15342466
1 0.66290598 0.44383562 0.30085470 0.16438356
1 0.67931624 0.10958904 0.57435897 0.15342466
