0 0.371795 0.886986 0.200000 0.226027
0 0.233333 0.940639 0.100855 0.118721
0 0.458974 0.365297 0.107692 0.123288
0 0.457265 0.565068 0.042735 0.189498
0 0.332479 0.091324 0.182906 0.178082
0 0.482051 0.154110 0.071795 0.102740
0 0.674359 0.175799 0.135043 0.123288
0 0.499145 0.055936 0.047863 0.057078
0 0.608547 0.750000 0.160684 0.257991
0 0.066667 0.750000 0.123077 0.358447
0 0.659829 0.308219 0.119658 0.123288
0 0.633333 0.522831 0.121368 0.114155
0 0.535043 0.978311 0.109402 0.038813
0 0.291453 0.369863 0.059829 0.086758
0 0.364103 0.450913 0.071795 0.093607
0 0.039316 0.297945 0.075214 0.107306
0 0.329915 0.699772 0.082051 0.066210
