1 0.45709402 0.87123288 0.10393162 0.07123288
1 0.47897436 0.15890411 0.11487179 0.08767123
1 0.98017094 0.13150685 0.03965812 0.07671233
1 0.89470085 0.48767123 0.06017094 0.08767123
1 0.05487179 0.89863014 0.10974359 0.09315068
1 0.98700855 0.47671233 0.02598291 0.09863014
1 0.96376068 0.82739726 0.07247863 0.08219178
1 0.22188034 0.89315068 0.12581197 0.09315068
1 0.45709402 0.52054795 0.04376068 0.07123288
1 0.59384615 0.50958904 0.07111111 0.07671233
1 0.64307692 0.15890411 0.13675214 0.08767123
1 0.05230769 0.54794521 0.08752137 0.12602740
1 0.59384615 0.87123288 0.09299145 0.07123288
1 0.68683761 0.86575342 0.04376068 0.07123288
1 0.76888889 0.84931507 0.08752137 0.09863014
