1 0.23418902 0.84931682 0.13675039 0.14611638
1 0.41965730 0.53082477 0.22735251 0.18949611
1 0.79060086 0.61644099 0.11452696 0.16895299
1 0.80854624 0.24886005 0.16752290 0.12785271
1 0.61111204 0.20091441 0.07350395 0.12785271
1 0.40085771 0.13927101 0.06666328 0.12328679
1 0.48547337 0.16895299 0.10598488 0.10502312
1 0.20854876 0.07762762 0.16410606 0.15068230
1 0.02735185 0.04908888 0.05470370 0.07990707
1 0.42991480 0.93036712 0.05982961 0.10273666
1 0.54701139 0.94292384 0.08546987 0.11415233
1 0.75811993 0.98744329 0.04957210 0.02511342
1 0.91538483 0.99200921 0.16923033 0.01598159
