1 0.30940171 0.01917808 0.08205128 0.03835616
1 0.98017094 0.15342466 0.03965812 0.08219178
1 0.13982906 0.30136986 0.12034188 0.12054795
1 0.91111111 0.86027397 0.09299145 0.13698630
1 0.80170940 0.46575342 0.12034188 0.13150685
1 0.63760684 0.07671233 0.10393162 0.12054795
1 0.03709402 0.62465753 0.07418803 0.13698630
1 0.06871795 0.98082192 0.08752137 0.03835616
1 0.63213675 0.42191781 0.06017094 0.08767123
1 0.93846154 0.50958904 0.07658120 0.09863014
1 0.38598291 0.72328767 0.05470085 0.08219178
1 0.47350427 0.73972603 0.06564103 0.08767123
