0 0.11025362 0.47717173 0.05982961 0.08219353
0 0.17093744 0.52854005 0.04102302 0.04337973
0 0.17777811 0.13812953 0.10256104 0.11187551
0 0.03760678 0.11757940 0.07521357 0.19862795
0 0.10769099 0.22032307 0.06495486 0.18949611
0 0.40598482 0.03082258 0.13845880 0.06164515
0 0.39828994 0.15297052 0.03760618 0.04109326
0 0.52735245 0.01826630 0.10085262 0.03653260
0 0.43418771 0.08561797 0.05469735 0.07534115
0 0.50256640 0.17922279 0.06153802 0.08447299
0 0.55043009 0.08561797 0.06495486 0.09360482
0 0.61794757 0.13013392 0.05298894 0.06849578
0 0.72564086 0.10844756 0.13845880 0.15296877
0 0.85127954 0.18150926 0.05812119 0.07990707
0 0.79914481 0.21232745 0.02905709 0.03652734
0 0.46581443 0.43492822 0.07350395 0.08447299
0 0.71623757 0.48287386 0.06153802 0.06620932
0 0.80256164 0.30365282 0.05641277 0.07306170
0 0.77862980 0.54566049 0.08717828 0.16438707
0 0.87948942 0.42351693 0.08717828 0.11187551
0 0.91965823 0.55022641 0.07862920 0.11415496
0 0.54529783 0.57762893 0.03760618 0.05479101
0 0.58974468 0.54909019 0.03418935 0.04337973
0 0.39658152 0.96233030 0.03418935 0.05707748
0 0.20854362 0.25799364 0.03077251 0.04109326
