1 0.59931624 0.21095890 0.06564103 0.06027397
1 0.97333333 0.51780822 0.05333333 0.08767123
1 0.95487179 0.18904110 0.06564103 0.07123288
1 0.16170940 0.91780822 0.14769231 0.13698630
1 0.44068376 0.57260274 0.06564103 0.06575342
1 0.33675214 0.57808219 0.06564103 0.07123288
1 0.80717949 0.53972603 0.07658120 0.10958904
1 0.03589744 0.24931507 0.06564103 0.09863014
1 0.78529915 0.87945205 0.07658120 0.09863014
1 0.62666667 0.89589041 0.17504274 0.09863014
1 0.27658120 0.22739726 0.16957265 0.08767123
1 0.34222222 0.92876712 0.04923077 0.06027397
1 0.12341880 0.58904110 0.07658120 0.04383562
