1 0.60786325 0.53150685 0.09299145 0.12054795
1 0.05641026 0.35068493 0.11282051 0.17534247
1 0.41094017 0.48219178 0.08205128 0.10958904
1 0.49299145 0.51506849 0.09846154 0.12054795
1 0.83760684 0.20821918 0.12034188 0.13150685
1 0.91965812 0.62465753 0.15316239 0.15342466
1 0.72820513 0.56986301 0.10940171 0.11506849
1 0.38905983 0.07671233 0.06017094 0.08767123
1 0.69538462 0.92602740 0.33914530 0.12602740
1 0.26871795 0.04109589 0.09299145 0.08219178
1 0.94700855 0.24657534 0.10393162 0.13698630
1 0.51487179 0.10958904 0.09299145 0.10958904
1 0.68444444 0.16438356 0.16410256 0.16986301
1 0.35623932 0.84383562 0.13675214 0.14246575
1 0.03042735 0.73972603 0.06085470 0.13150685
