1 0.59179487 0.95616438 0.06017094 0.08767123
1 0.21982906 0.54794521 0.07658120 0.13698630
1 0.40034188 0.94794521 0.07658120 0.09863014
1 0.09948718 0.94246575 0.09846154 0.11506849
1 0.19247863 0.13150685 0.10940171 0.14794521
1 0.72307692 0.57534247 0.06564103 0.10410959
1 0.77777778 0.96575342 0.05470085 0.06849315
1 0.85982906 0.96301370 0.07658120 0.07397260
1 0.37846154 0.15890411 0.04923077 0.09315068
1 0.55897436 0.16986301 0.04376068 0.09863014
1 0.70666667 0.15890411 0.06564103 0.12602740
