1 0.23726496 0.50410959 0.07111111 0.12054795
1 0.34666667 0.84383562 0.09299145 0.13698630
1 0.16615385 0.16438356 0.09846154 0.15342466
1 0.77333333 0.52602740 0.16410256 0.10958904
1 0.96598291 0.19178082 0.06803419 0.11506849
1 0.68034188 0.17534247 0.43760684 0.13698630
1 0.07487179 0.49315068 0.14974359 0.16438356
1 0.74598291 0.86027397 0.24068376 0.13150685
1 0.48888889 0.51506849 0.35555556 0.12602740
1 0.33572650 0.16438356 0.16410256 0.13698630
1 0.03247863 0.14794521 0.06495726 0.15890411
1 0.52170940 0.85479452 0.14222222 0.17534247
1 0.02974359 0.82739726 0.05948718 0.15890411
1 0.19350427 0.83287671 0.14769231 0.15342466
1 0.91008547 0.53698630 0.06017094 0.07671233
