1 0.05982906 0.24109589 0.11487179 0.13150685
1 0.57401709 0.02465753 0.07111111 0.04931507
1 0.05726496 0.60821918 0.11452991 0.10958904
1 0.96205128 0.51506849 0.07589744 0.13150685
1 0.40444444 0.71780822 0.13675214 0.13150685
1 0.53025641 0.37260274 0.22974359 0.14794521
1 0.63418803 0.77808219 0.08752137 0.12602740
1 0.84752137 0.83287671 0.12581197 0.12054795
1 0.98803419 0.88219178 0.02393162 0.13150685
1 0.80923077 0.46027397 0.16410256 0.12054795
1 0.22940171 0.68493151 0.13675214 0.07123288
1 0.16923077 0.26849315 0.07658120 0.12054795
1 0.25675214 0.30684932 0.06564103 0.09315068
1 0.73264957 0.04931507 0.07111111 0.09315068
1 0.98256410 0.12602740 0.03487179 0.09863014
