1 0.05025641 0.23287671 0.05470085 0.07123288
1 0.08854701 0.58904110 0.06017094 0.07671233
1 0.27452991 0.57260274 0.20786325 0.09863014
1 0.48786325 0.20547945 0.17504274 0.08219178
1 0.16512821 0.22739726 0.08752137 0.07671233
1 0.68478632 0.92328767 0.19145299 0.09863014
1 0.89811966 0.55616438 0.07111111 0.07671233
1 0.34564103 0.92328767 0.39384615 0.12054795
1 0.73948718 0.55068493 0.08205128 0.08767123
1 0.74495726 0.20547945 0.07658120 0.09863014
1 0.83794872 0.18904110 0.06564103 0.09315068
1 0.96547009 0.17260274 0.06905983 0.09863014
1 0.29641026 0.21643836 0.10940171 0.09863014
