1 0.24786379 0.64612208 0.10940171 0.12785271
1 0.55128287 0.72032000 0.23076934 0.16666652
1 0.79401813 0.78424986 0.13162514 0.15753468
1 0.14017050 0.96004734 0.08546987 0.07990532
1 0.43162366 0.99086904 0.16923132 0.01826192
1 0.15128222 0.23972734 0.18290565 0.11415496
1 0.46495880 0.01369907 0.09572737 0.02739814
1 0.74615445 0.04680373 0.20683750 0.09360745
1 0.57606892 0.02397414 0.06153802 0.04794827
1 0.98803479 0.12100647 0.02393042 0.10502312
1 0.44358958 0.32648679 0.10085262 0.09132537
1 0.69572814 0.38242104 0.23931843 0.15296877
1 0.91880364 0.46803726 0.16239272 0.13241863
