1 0.17264957 0.17260274 0.14769231 0.11506849
1 0.41880342 0.53972603 0.08752137 0.09315068
1 0.40239316 0.88493151 0.12034188 0.15890411
1 0.10153846 0.86849315 0.10940171 0.14246575
1 0.29846154 0.51232877 0.11487179 0.15342466
1 0.57743590 0.89041096 0.16410256 0.13698630
1 0.82358974 0.90684932 0.18598291 0.12054795
1 0.59931624 0.53424658 0.13128205 0.14794521
1 0.36957265 0.18356164 0.20239316 0.13150685
1 0.84000000 0.56164384 0.13128205 0.14246575
1 0.75794872 0.20000000 0.28444444 0.13698630
1 0.98017094 0.91232877 0.03965812 0.10958904
