1 0.94034188 0.04520548 0.11931624 0.09041096
1 0.11487179 0.65205479 0.08205128 0.10958904
1 0.97863248 0.36164384 0.04273504 0.10410959
1 0.71111111 0.33424658 0.07111111 0.09863014
1 0.55794872 0.01643836 0.08752137 0.03287671
1 0.07658120 0.02876712 0.12034188 0.05753425
1 0.78222222 0.04109589 0.12581197 0.08219178
1 0.25162393 0.66849315 0.10940171 0.10410959
1 0.45948718 0.69041096 0.08205128 0.08767123
1 0.56888889 0.69041096 0.06564103 0.07671233
1 0.67829060 0.70136986 0.04923077 0.06575342
