1 0.94615385 0.27945205 0.10769231 0.13698630
1 0.59145299 0.60273973 0.08205128 0.09315068
1 0.58598291 0.24657534 0.07111111 0.08219178
1 0.04000000 0.20821918 0.08000000 0.10410959
1 0.18119658 0.21917808 0.12034188 0.11506849
1 0.44923077 0.23561644 0.14769231 0.12054795
1 0.08786325 0.86027397 0.17572650 0.11506849
1 0.29606838 0.88219178 0.16957265 0.12054795
1 0.58598291 0.90958904 0.16957265 0.11506849
1 0.83760684 0.93698630 0.06564103 0.07123288
1 0.17025641 0.55342466 0.31179487 0.13150685
1 0.77196581 0.61369863 0.12034188 0.06575342
1 0.90324786 0.63013699 0.10940171 0.06027397
