1 0.08273504 0.84383562 0.07111111 0.09863014
1 0.65709402 0.25753425 0.07111111 0.08219178
1 0.65709402 0.63561644 0.06564103 0.08219178
1 0.49299145 0.57534247 0.06564103 0.09863014
1 0.81025641 0.65753425 0.12581197 0.10958904
1 0.29606838 0.52602740 0.15316239 0.12054795
1 0.04957265 0.08767123 0.09914530 0.16438356
1 0.29606838 0.15890411 0.10393162 0.13150685
1 0.87589744 0.30136986 0.24615385 0.15342466
1 0.89777778 0.00958904 0.20239316 0.01917808
1 0.90324786 0.99863014 0.07658120 0.00273973
1 0.49846154 0.95890411 0.06017094 0.07671233
1 0.95247863 0.70136986 0.08752137 0.11506849
