1 0.182051 0.340183 0.087179 0.082192
1 0.729060 0.292237 0.076923 0.077626
1 0.363248 0.329909 0.070085 0.070776
1 0.511111 0.659817 0.092308 0.082192
1 0.702564 0.648402 0.147009 0.082192
1 0.949573 0.621005 0.100855 0.105023
1 0.921368 0.968037 0.153846 0.059361
1 0.839316 0.296804 0.054701 0.109589
1 0.948718 0.292237 0.054701 0.114155
1 0.456410 0.319635 0.047863 0.077626
1 0.543590 0.319635 0.071795 0.077626
0 0.511111 0.133562 0.044444 0.070776
1 0.258120 0.694064 0.051282 0.068493
1 0.345299 0.688356 0.041026 0.052511
