1 0.62222222 0.04109589 0.08205128 0.08219178
1 0.50188034 0.03698630 0.09299145 0.07397260
1 0.12444444 0.03150685 0.08752137 0.06301370
1 0.05948718 0.69041096 0.11897436 0.16986301
1 0.40341880 0.38356164 0.18598291 0.10958904
1 0.13470085 0.35616438 0.26940171 0.15890411
1 0.95606838 0.41095890 0.08786325 0.12054795
1 0.68239316 0.39452055 0.28991453 0.09863014
1 0.25572650 0.71780822 0.21880342 0.12602740
1 0.53470085 0.73424658 0.28444444 0.10958904
1 0.72615385 0.04657534 0.05470085 0.09315068
1 0.86290598 0.04520548 0.14222222 0.09041096
1 0.90957265 0.75616438 0.18085470 0.12054795
