1 0.97504274 0.50684932 0.04991453 0.08219178
1 0.95179487 0.13972603 0.09641026 0.10958904
1 0.99008547 0.86849315 0.01982906 0.10410959
1 0.81606838 0.09041096 0.09846154 0.12602740
1 0.56991453 0.75342466 0.05470085 0.09315068
1 0.70666667 0.78630137 0.09846154 0.10410959
1 0.32923077 0.01643836 0.12581197 0.03287671
1 0.48786325 0.02876712 0.08752137 0.05753425
1 0.38940171 0.35342466 0.24615385 0.13150685
1 0.31282051 0.99178082 0.11487179 0.01643836
1 0.69572650 0.42465753 0.18598291 0.12054795
1 0.04700855 0.25479452 0.09401709 0.14246575
1 0.12136752 0.97945205 0.08752137 0.04109589
