1 0.76547009 0.85753425 0.14222222 0.10410959
1 0.80376068 0.51780822 0.08205128 0.08219178
1 0.68888889 0.17260274 0.12581197 0.11506849
1 0.33333333 0.12876712 0.43213675 0.09863014
1 0.04888889 0.44109589 0.08752137 0.08767123
1 0.38803419 0.81917808 0.08205128 0.10410959
1 0.57948718 0.84109589 0.19692308 0.10958904
1 0.43179487 0.47945205 0.14222222 0.09863014
1 0.62324786 0.50136986 0.16410256 0.09863014
1 0.97709402 0.18356164 0.04581197 0.14246575
1 0.85299145 0.18356164 0.12581197 0.13150685
1 0.03948718 0.09041096 0.07897436 0.15342466
1 0.94974359 0.86301370 0.10051282 0.12054795
1 0.06683761 0.78082192 0.13367521 0.12602740
1 0.25675214 0.47397260 0.16957265 0.10410959
