1 0.63555556 0.94520548 0.08205128 0.09863014
1 0.72854701 0.96027397 0.06017094 0.07945205
1 0.13230769 0.57260274 0.07658120 0.08767123
1 0.50427350 0.60000000 0.08752137 0.07671233
1 0.32923077 0.22739726 0.09299145 0.10958904
1 0.12683761 0.21643836 0.12581197 0.09315068
1 0.47145299 0.23835616 0.12034188 0.10958904
1 0.08256410 0.89589041 0.16512821 0.12054795
1 0.47145299 0.93150685 0.14222222 0.13698630
1 0.61914530 0.25479452 0.10393162 0.07123288
1 0.76136752 0.24931507 0.06017094 0.07123288
1 0.85982906 0.27123288 0.04923077 0.06575342
1 0.97367521 0.28767123 0.05264957 0.07671233
1 0.89811966 0.96027397 0.18051282 0.07945205
1 0.90358974 0.63835616 0.06017094 0.06575342
