1 0.46803419 0.90410959 0.31726496 0.12054795
1 0.09606838 0.88219178 0.13675214 0.14246575
1 0.76341880 0.58630137 0.09299145 0.13698630
1 0.39145299 0.23013699 0.13675214 0.11506849
1 0.90564103 0.59726027 0.10393162 0.13698630
1 0.52273504 0.56986301 0.28444444 0.13150685
1 0.70871795 0.25753425 0.39384615 0.13698630
1 0.76888889 0.93150685 0.26803419 0.13698630
1 0.95965812 0.27945205 0.08068376 0.14246575
1 0.16170940 0.53150685 0.15316239 0.15890411
1 0.14649573 0.20821918 0.29299145 0.14794521
1 0.32034188 0.56438356 0.08205128 0.09863014
