1 0.19350427 0.80547945 0.07111111 0.07671233
1 0.55452991 0.05479452 0.12034188 0.09863014
1 0.55452991 0.78356164 0.05470085 0.07123288
1 0.38495726 0.77260274 0.06017094 0.07123288
1 0.43418803 0.07671233 0.07111111 0.09315068
1 0.81162393 0.71780822 0.06017094 0.09315068
1 0.04068376 0.75068493 0.08136752 0.11506849
1 0.25367521 0.77808219 0.09299145 0.08767123
1 0.31931624 0.08219178 0.09299145 0.09863014
1 0.94820513 0.04931507 0.10358974 0.09863014
1 0.02837607 0.08219178 0.05675214 0.12602740
