1 0.89025641 0.86027397 0.15316239 0.07123288
1 0.72068376 0.85479452 0.05470085 0.07123288
1 0.40888889 0.16986301 0.04923077 0.08219178
1 0.32136752 0.15890411 0.04923077 0.07671233
1 0.44717949 0.83835616 0.06017094 0.08219178
1 0.11897436 0.14794521 0.05470085 0.07671233
1 0.36512821 0.84383562 0.05470085 0.08219178
1 0.20102564 0.82739726 0.06564103 0.08767123
1 0.22290598 0.14794521 0.06017094 0.08219178
1 0.57299145 0.83835616 0.06564103 0.08767123
1 0.51829060 0.16986301 0.08205128 0.09863014
1 0.03350427 0.80000000 0.06700855 0.13698630
1 0.80273504 0.16438356 0.10393162 0.15342466
