1 0.493162 0.507991 0.124786 0.130137
1 0.124786 0.152968 0.246154 0.141553
1 0.898291 0.509132 0.076923 0.086758
1 0.214530 0.486301 0.388034 0.132420
1 0.783761 0.167808 0.158974 0.125571
1 0.159829 0.836758 0.104274 0.098174
1 0.597436 0.168950 0.141880 0.136986
1 0.378632 0.858447 0.070085 0.082192
1 0.542735 0.832192 0.124786 0.125571
1 0.799145 0.853881 0.114530 0.132420
1 0.383761 0.163242 0.176068 0.130137
1 0.274359 0.833333 0.059829 0.118721
1 0.635897 0.513699 0.075214 0.118721
1 0.795726 0.518265 0.059829 0.059361
