1 0.27008547 0.20273973 0.06564103 0.09863014
1 0.08957265 0.52054795 0.06564103 0.09863014
1 0.01606838 0.50958904 0.03213675 0.09315068
1 0.15521368 0.20273973 0.10393162 0.09315068
1 0.18803419 0.53698630 0.07658120 0.12054795
1 0.30290598 0.54246575 0.09299145 0.12054795
1 0.44512821 0.21917808 0.12581197 0.16438356
1 0.57641026 0.88767123 0.25709402 0.17534247
1 0.48888889 0.55342466 0.21880342 0.13698630
1 0.74598291 0.57534247 0.18051282 0.16438356
1 0.87179487 0.89315068 0.17504274 0.16438356
