0 0.25982928 0.96232636 0.07179553 0.07534729
0 0.19829125 0.58104811 0.05128052 0.06620932
0 0.31110980 0.68721447 0.07521236 0.09589129
0 0.46154152 0.67009403 0.05812119 0.11187551
0 0.37948849 0.75114433 0.05469735 0.07762762
0 0.43504005 0.80479211 0.04273843 0.05707748
0 0.57008202 0.63013699 0.05298894 0.05479101
0 0.65298926 0.60159825 0.06153802 0.06620932
0 0.64016914 0.53082301 0.06324644 0.05707748
0 0.58803441 0.41552482 0.11624238 0.08675945
0 0.23931427 0.80707858 0.04102302 0.07077523
0 0.31367242 0.80707858 0.04273843 0.03881381
0 0.03247710 0.60502093 0.06495420 0.06849578
0 0.02222310 0.71460997 0.04444619 0.06849578
0 0.12051627 0.64725742 0.05982961 0.05251156
0 0.31452663 0.17351715 0.23247776 0.10045721
0 0.38803758 0.87556734 0.07862920 0.07077523
0 0.44273493 0.96917874 0.08546987 0.06164252
0 0.09145250 0.88356252 0.18290500 0.23287496
0 0.13760744 0.56963682 0.05298894 0.04794564
0 0.14102427 0.26597874 0.21025433 0.21232570
0 0.19315900 0.42694312 0.16410606 0.11415496
0 0.01281980 0.40182707 0.02563960 0.05936395
0 0.03931744 0.47831145 0.04444685 0.08447299
0 0.50341875 0.11187375 0.10085262 0.15068230
0 0.61452888 0.06620756 0.05641277 0.12785271
0 0.30769296 0.05821984 0.25299277 0.11643967
0 0.07436100 0.04337885 0.07692078 0.08675770
0 0.39060021 0.43721118 0.11795080 0.11644142
0 0.47436165 0.53310247 0.07350395 0.05251156
0 0.49145283 0.34589282 0.10085262 0.06620932
0 0.33760427 0.20091266 0.18290565 0.11415496
