1 0.91726496 0.42191781 0.16547009 0.12602740
1 0.27658120 0.04657534 0.06017094 0.09315068
1 0.59931624 0.06575342 0.37196581 0.09863014
1 0.64854701 0.73972603 0.31179487 0.14794521
1 0.67589744 0.40547945 0.10393162 0.12054795
1 0.38598291 0.38904110 0.40478632 0.12054795
1 0.90222222 0.08767123 0.19555556 0.11506849
1 0.07811966 0.38904110 0.15623932 0.14794521
1 0.12341880 0.06164384 0.18598291 0.12328767
1 0.39145299 0.73972603 0.14769231 0.14794521
1 0.12598291 0.72876712 0.25196581 0.13698630
1 0.77435897 0.41095890 0.07658120 0.11506849
