1 0.83692308 0.63561644 0.07111111 0.10410959
1 0.42119658 0.60821918 0.06564103 0.09863014
1 0.04923077 0.93150685 0.08205128 0.12054795
1 0.85333333 0.96575342 0.08752137 0.06849315
1 0.31179487 0.60821918 0.08752137 0.09315068
1 0.80957265 0.29589041 0.08205128 0.11506849
1 0.10393162 0.24109589 0.09299145 0.10958904
1 0.22427350 0.26301370 0.12581197 0.13150685
1 0.16410256 0.93698630 0.12034188 0.05479452
1 0.59076923 0.95890411 0.14222222 0.04383562
1 0.51965812 0.31232877 0.06564103 0.07671233
1 0.91350427 0.32876712 0.04923077 0.05479452
1 0.65641026 0.30684932 0.10940171 0.08219178
