0 0.263248 0.148402 0.071795 0.100457
0 0.413675 0.244292 0.208547 0.484018
0 0.821368 0.844749 0.059829 0.073059
0 0.577778 0.232877 0.085470 0.082192
0 0.233333 0.502283 0.059829 0.210046
0 0.940171 0.206621 0.054701 0.047945
0 0.774359 0.520548 0.099145 0.123288
0 0.857265 0.609589 0.083761 0.100457
0 0.830769 0.697489 0.054701 0.061644
0 0.452137 0.688356 0.080342 0.084475
0 0.428205 0.565068 0.258120 0.143836
0 0.310256 0.777397 0.155556 0.253425
0 0.723077 0.877854 0.051282 0.070776
0 0.604274 0.735160 0.158974 0.114155
0 0.394872 0.934932 0.088889 0.125571
0 0.294017 0.974886 0.078632 0.045662
0 0.603419 0.915525 0.061538 0.086758
0 0.939316 0.635845 0.039316 0.070776
0 0.590598 0.367580 0.073504 0.114155
0 0.834188 0.377854 0.047863 0.070776
