1 0.42324786 0.78082192 0.05470085 0.07671233
1 0.23726496 0.46301370 0.08752137 0.09315068
1 0.33572650 0.45205479 0.07111111 0.08219178
1 0.23726496 0.11780822 0.06564103 0.09315068
1 0.85538462 0.79726027 0.10940171 0.09315068
1 0.01743590 0.78630137 0.03487179 0.08219178
1 0.84444444 0.45753425 0.08205128 0.12602740
1 0.33025641 0.79178082 0.07658120 0.09863014
1 0.02153846 0.11780822 0.04307692 0.08767123
1 0.63658120 0.78082192 0.12034188 0.10410959
1 0.05982906 0.44657534 0.11965812 0.13698630
1 0.97555556 0.79178082 0.04888889 0.08767123
