1 0.14529915 0.24931507 0.08752137 0.10410959
1 0.32034188 0.26575342 0.12581197 0.15342466
1 0.96786325 0.64383562 0.06427350 0.10410959
1 0.59931624 0.28219178 0.16957265 0.10410959
1 0.90017094 0.02054795 0.18598291 0.04109589
1 0.81264957 0.95068493 0.31726496 0.09863014
1 0.87076923 0.32054795 0.25846154 0.12602740
1 0.11094017 0.58356164 0.22188034 0.12054795
1 0.30940171 0.60000000 0.06017094 0.09315068
1 0.49538462 0.62191781 0.14769231 0.09863014
1 0.66495726 0.63287671 0.06564103 0.13150685
1 0.80170940 0.64383562 0.14222222 0.09315068
1 0.21094017 0.91780822 0.32820513 0.14794521
1 0.44068376 0.93972603 0.06564103 0.11506849
1 0.55555556 0.94794521 0.06564103 0.10410959
