1 0.28649573 0.40273973 0.08752137 0.12602740
1 0.98649573 0.61643836 0.02700855 0.12602740
1 0.11042735 0.33698630 0.22085470 0.16438356
1 0.46153846 0.08493151 0.19692308 0.13698630
1 0.83350427 0.53424658 0.15863248 0.13150685
1 0.16068376 0.04246575 0.18051282 0.08493151
1 0.31384615 0.78082192 0.28444444 0.14246575
1 0.93726496 0.21643836 0.12547009 0.15342466
1 0.69128205 0.13424658 0.22427350 0.15342466
1 0.84444444 0.89589041 0.20786325 0.14794521
1 0.57641026 0.85753425 0.19145299 0.15890411
1 0.58735043 0.47945205 0.21333333 0.15342466
1 0.02017094 0.72054795 0.04034188 0.12602740
1 0.10051282 0.74246575 0.04923077 0.10958904
