1 0.54017094 0.64383562 0.07111111 0.08767123
1 0.05880342 0.28767123 0.06017094 0.08767123
1 0.15726496 0.28767123 0.07658120 0.08219178
1 0.88478632 0.97534247 0.07111111 0.04931507
1 0.98615385 0.96849315 0.02769231 0.06301370
1 0.56752137 0.96712329 0.06017094 0.06575342
1 0.73709402 0.95890411 0.20786325 0.08219178
1 0.18461538 0.96301370 0.21880342 0.07397260
1 0.27760684 0.64383562 0.09846154 0.12602740
1 0.31042735 0.28767123 0.16957265 0.12054795
1 0.54017094 0.28767123 0.25162393 0.11506849
1 0.86290598 0.26575342 0.17504274 0.13150685
