1 0.82564103 0.13698630 0.06564103 0.09863014
1 0.95145299 0.13150685 0.09299145 0.09315068
1 0.88034188 0.86027397 0.05470085 0.07123288
1 0.19658120 0.84383562 0.08205128 0.08219178
1 0.09811966 0.46575342 0.08205128 0.10958904
1 0.53025641 0.84383562 0.07658120 0.08767123
1 0.22393162 0.48767123 0.09846154 0.09863014
1 0.62871795 0.49863014 0.10393162 0.09863014
1 0.95658120 0.49863014 0.08683761 0.10958904
1 0.51931624 0.13150685 0.18598291 0.10958904
1 0.40444444 0.51506849 0.07111111 0.06027397
