1 0.40034188 0.33698630 0.13128205 0.09315068
1 0.61914530 0.71506849 0.09846154 0.07123288
1 0.11042735 0.02739726 0.06564103 0.05479452
1 0.26358974 0.01643836 0.10393162 0.03287671
1 0.48786325 0.71506849 0.06564103 0.07123288
1 0.95042735 0.69315068 0.09914530 0.08219178
1 0.03333333 0.36986301 0.06666667 0.09315068
1 0.43316239 0.01369863 0.12034188 0.02739726
1 0.96136752 0.29863014 0.07726496 0.12054795
1 0.77230769 0.32054795 0.15316239 0.09315068
1 0.25264957 0.75890411 0.06017094 0.09863014
1 0.03384615 0.74794521 0.06564103 0.08767123
1 0.20341880 0.36438356 0.19692308 0.07671233
1 0.50974359 0.34794521 0.07658120 0.07123288
1 0.61367521 0.33150685 0.07658120 0.08219178
