1 0.88273504 0.49863014 0.04376068 0.06575342
1 0.08957265 0.98904110 0.06017094 0.02191781
1 0.59282051 0.05479452 0.06564103 0.08767123
1 0.80068376 0.48767123 0.06017094 0.07671233
1 0.29196581 0.70684932 0.07658120 0.08219178
1 0.64752137 0.43835616 0.06564103 0.07671233
1 0.46153846 0.03150685 0.07111111 0.06301370
1 0.67487179 0.80547945 0.08205128 0.10410959
1 0.07076923 0.65753425 0.14153846 0.11506849
1 0.85538462 0.12602740 0.08205128 0.10958904
1 0.54905983 0.76164384 0.09299145 0.11506849
1 0.89914530 0.85479452 0.07658120 0.10958904
