1 0.02393151 0.57306038 0.04786303 0.10045721
1 0.16239349 0.59361052 0.13333355 0.11415496
1 0.34102810 0.64612208 0.12478446 0.10045721
1 0.69487349 0.74087014 0.18974632 0.12100734
1 0.92393441 0.79680438 0.13162514 0.09589129
1 0.10085547 0.94977227 0.10940171 0.10045545
1 0.21196559 0.96233030 0.07521236 0.07533940
1 0.37778008 0.98858608 0.22564409 0.02282784
1 0.03846323 0.19634762 0.06666328 0.10045721
1 0.35555665 0.28310707 0.09914421 0.11415496
1 0.45470085 0.31164581 0.06153802 0.07077523
1 0.54701139 0.00685019 0.08546987 0.01370038
1 0.75811993 0.02854005 0.04957210 0.05708011
1 0.91538483 0.04794696 0.16923033 0.09589392
1 0.58888862 0.33105271 0.18290565 0.11415496
1 0.87948756 0.42123485 0.18290565 0.12100734
