1 0.26222222 0.52328767 0.07111111 0.09315068
1 0.22940171 0.16712329 0.12581197 0.11506849
1 0.82017094 0.84109589 0.07111111 0.10410959
1 0.94051282 0.82465753 0.06017094 0.08219178
1 0.09264957 0.17260274 0.09299145 0.13698630
1 0.45367521 0.85753425 0.09299145 0.11506849
1 0.06410256 0.53424658 0.12820513 0.13150685
1 0.06273504 0.87945205 0.12547009 0.11506849
1 0.39350427 0.50684932 0.14769231 0.12602740
1 0.50290598 0.15616438 0.28444444 0.10410959
1 0.68888889 0.14520548 0.07111111 0.10958904
1 0.90769231 0.13972603 0.06017094 0.07123288
1 0.82564103 0.49589041 0.18598291 0.11506849
