1 0.32136752 0.65753425 0.04923077 0.07671233
1 0.64957265 0.97808219 0.04376068 0.04383562
1 0.80820513 0.32328767 0.04923077 0.07123288
1 0.14085470 0.66849315 0.09299145 0.08767123
1 0.92307692 0.97534247 0.04923077 0.04931507
1 0.81367521 0.97260274 0.07111111 0.05479452
1 0.35418803 0.98219178 0.09846154 0.03561644
1 0.45264957 0.64657534 0.10393162 0.10958904
1 0.11350427 0.33424658 0.07658120 0.10958904
1 0.96290598 0.64657534 0.07418803 0.09315068
1 0.60581197 0.65205479 0.15316239 0.12602740
