1 0.48239316 0.81369863 0.11487179 0.09863014
1 0.70119658 0.11780822 0.08752137 0.13150685
1 0.94495726 0.19452055 0.11008547 0.12054795
1 0.93401709 0.56164384 0.13196581 0.12054795
1 0.42769231 0.05479452 0.16957265 0.10958904
1 0.28547009 0.75890411 0.06017094 0.08219178
1 0.95829060 0.94794521 0.06017094 0.10410959
1 0.04700855 0.69863014 0.09401709 0.08219178
1 0.65743590 0.87397260 0.08205128 0.09863014
1 0.82700855 0.91232877 0.06017094 0.09315068
1 0.07213675 0.33698630 0.09846154 0.12602740
1 0.18700855 0.02602740 0.08205128 0.05205479
1 0.47692308 0.43013699 0.07658120 0.10958904
1 0.82700855 0.12876712 0.07658120 0.07671233
