1 0.46564103 0.86301370 0.09299145 0.10410959
1 0.44923077 0.46849315 0.10940171 0.15890411
1 0.29606838 0.42465753 0.15316239 0.14794521
1 0.69538462 0.15616438 0.11487179 0.09863014
1 0.43829060 0.07397260 0.07658120 0.12602740
1 0.56957265 0.11780822 0.10393162 0.11506849
1 0.15384615 0.78082192 0.05470085 0.09315068
1 0.93059829 0.21643836 0.09846154 0.09863014
1 0.88683761 0.96301370 0.08752137 0.07397260
1 0.00307692 0.73698630 0.00615385 0.09315068
1 0.19760684 0.02465753 0.04923077 0.04931507
1 0.32888889 0.05205479 0.09299145 0.10410959
