1 0.32820513 0.07671233 0.06017094 0.07671233
1 0.41572650 0.06027397 0.09299145 0.08219178
1 0.14769231 0.07123288 0.24615385 0.08767123
1 0.68376068 0.40000000 0.35008547 0.09315068
1 0.91350427 0.40000000 0.09299145 0.08767123
1 0.54153846 0.06027397 0.09299145 0.08219178
1 0.76581197 0.04109589 0.26803419 0.08219178
1 0.16410256 0.75068493 0.08205128 0.09863014
1 0.59623932 0.73424658 0.29538462 0.09863014
1 0.88068376 0.73424658 0.16957265 0.12054795
1 0.13675214 0.41643836 0.26803419 0.07123288
1 0.32820513 0.40547945 0.06017094 0.08767123
1 0.37743590 0.73424658 0.04923077 0.07123288
