1 0.98136752 0.49863014 0.03726496 0.06575342
1 0.83145299 0.49315068 0.03282051 0.06575342
1 0.89709402 0.49315068 0.06564103 0.07671233
1 0.94632479 0.15890411 0.06017094 0.07123288
1 0.84786325 0.14794521 0.08752137 0.06575342
1 0.59623932 0.46575342 0.29538462 0.10410959
1 0.32820513 0.43287671 0.12581197 0.09863014
1 0.05470085 0.73424658 0.09846154 0.10958904
1 0.08205128 0.07123288 0.15863248 0.11506849
1 0.57982906 0.11506849 0.31726496 0.09863014
1 0.28444444 0.09863014 0.17504274 0.10410959
1 0.11487179 0.40547945 0.19692308 0.08767123
1 0.27350427 0.76712329 0.10940171 0.13698630
1 0.86427350 0.82739726 0.09299145 0.11506849
1 0.47042735 0.78356164 0.19145299 0.12054795
