1 0.28205128 0.37808219 0.10393162 0.12602740
1 0.45162393 0.04657534 0.06017094 0.09315068
1 0.73059829 0.84383562 0.20786325 0.13150685
1 0.07418803 0.01232877 0.12034188 0.02465753
1 0.02888889 0.69589041 0.05777778 0.14794521
1 0.95555556 0.89863014 0.08888889 0.13698630
1 0.23282051 0.72876712 0.25162393 0.15890411
1 0.10000000 0.33424658 0.20000000 0.13698630
1 0.81811966 0.14794521 0.05470085 0.10410959
1 0.40786325 0.43287671 0.06564103 0.11506849
1 0.53367521 0.81095890 0.10393162 0.10410959
1 0.92752137 0.52054795 0.08752137 0.11506849
