1 0.38837607 0.70410959 0.08205128 0.08767123
1 0.33914530 0.01506849 0.08205128 0.03013699
1 0.58529915 0.70410959 0.09299145 0.08767123
1 0.09299145 0.73150685 0.18598291 0.10958904
1 0.14222222 0.03013699 0.09846154 0.06027397
1 0.96769231 0.30958904 0.06461538 0.08767123
1 0.82051282 0.68767123 0.06564103 0.06575342
1 0.20239316 0.36438356 0.08752137 0.10410959
1 0.60170940 0.01506849 0.07658120 0.03013699
1 0.70017094 0.01232877 0.08752137 0.02465753
1 0.32820513 0.35342466 0.12581197 0.08767123
1 0.61811966 0.33150685 0.08205128 0.07123288
1 0.72752137 0.32602740 0.08752137 0.08219178
