1 0.77880342 0.25205479 0.09299145 0.10958904
1 0.97145299 0.95068493 0.05709402 0.09863014
1 0.34666667 0.89863014 0.12581197 0.15342466
1 0.65299145 0.91506849 0.07658120 0.09863014
1 0.18256410 0.87671233 0.14222222 0.13150685
1 0.50529915 0.91506849 0.14222222 0.16438356
1 0.84991453 0.93972603 0.09846154 0.12054795
1 0.20991453 0.20273973 0.13675214 0.12602740
1 0.04341880 0.85479452 0.08683761 0.14246575
1 0.51623932 0.23013699 0.39931624 0.15342466
1 0.93863248 0.26301370 0.12273504 0.14246575
