1 0.63008547 0.47397260 0.06564103 0.09315068
1 0.69572650 0.12876712 0.43760684 0.17534247
1 0.08803419 0.79178082 0.17606838 0.15342466
1 0.36752137 0.80273973 0.25162393 0.15342466
1 0.23076923 0.09041096 0.31179487 0.13698630
1 0.29094017 0.44657534 0.12034188 0.14794521
1 0.76136752 0.83013699 0.24068376 0.15342466
1 0.54803419 0.83013699 0.09846154 0.13698630
1 0.72854701 0.48493151 0.05470085 0.07123288
1 0.87076923 0.50136986 0.04376068 0.06027397
1 0.97094017 0.49041096 0.05811966 0.08767123
