1 0.39350427 0.90684932 0.07658120 0.08219178
1 0.47008547 0.16164384 0.04376068 0.05479452
1 0.93504274 0.52328767 0.06564103 0.08219178
1 0.05435897 0.52328767 0.08205128 0.11506849
1 0.54666667 0.53424658 0.07658120 0.11506849
1 0.94290598 0.90684932 0.11418803 0.10958904
1 0.43179487 0.54520548 0.08752137 0.12054795
1 0.68888889 0.92328767 0.11487179 0.14246575
1 0.74905983 0.52328767 0.09299145 0.12054795
1 0.25675214 0.52876712 0.11487179 0.10410959
1 0.19111111 0.90136986 0.18051282 0.17534247
