1 0.79521368 0.11232877 0.11487179 0.10410959
1 0.96188034 0.53972603 0.07623932 0.10958904
1 0.93196581 0.13424658 0.12034188 0.10410959
1 0.33025641 0.89589041 0.07658120 0.09863014
1 0.69675214 0.91232877 0.10393162 0.10958904
1 0.84444444 0.53424658 0.08752137 0.12602740
1 0.34666667 0.48493151 0.10393162 0.11506849
1 0.60376068 0.51232877 0.10393162 0.12602740
1 0.81709402 0.92328767 0.07658120 0.12602740
1 0.16068376 0.88493151 0.19692308 0.13150685
1 0.45059829 0.89589041 0.08752137 0.11506849
1 0.14427350 0.47397260 0.10940171 0.13698630
1 0.57641026 0.12328767 0.18598291 0.12602740
1 0.39042735 0.09041096 0.07658120 0.07671233
1 0.10051282 0.07945205 0.05470085 0.07123288
