1 0.44068376 0.80273973 0.08752137 0.10958904
1 0.97059829 0.57260274 0.05880342 0.07671233
1 0.56102564 0.81917808 0.08205128 0.10410959
1 0.12888889 0.72054795 0.08752137 0.12054795
1 0.68683761 0.49041096 0.09846154 0.12054795
1 0.06444444 0.02328767 0.12888889 0.04657534
1 0.73059829 0.13424658 0.10393162 0.13698630
1 0.34769231 0.41369863 0.21880342 0.16986301
1 0.71418803 0.87397260 0.09846154 0.12602740
1 0.83452991 0.52328767 0.13128205 0.15342466
1 0.54461538 0.08493151 0.16410256 0.14246575
1 0.09059829 0.33698630 0.13128205 0.13150685
1 0.88923077 0.16164384 0.11487179 0.14246575
1 0.33675214 0.05479452 0.15863248 0.10958904
