1 0.62564103 0.86575342 0.03829060 0.06575342
1 0.21538462 0.87123288 0.08752137 0.07123288
1 0.81162393 0.07123288 0.04923077 0.06575342
1 0.61470085 0.08767123 0.07111111 0.09863014
1 0.46153846 0.86575342 0.04923077 0.07123288
1 0.96478632 0.46027397 0.06017094 0.07671233
1 0.59829060 0.47123288 0.06564103 0.07123288
1 0.78427350 0.47123288 0.06017094 0.07123288
1 0.72410256 0.07671233 0.07111111 0.12054795
1 0.37948718 0.47671233 0.05470085 0.08767123
1 0.13880342 0.08767123 0.08205128 0.10958904
1 0.48888889 0.09315068 0.09846154 0.14246575
