1 0.70017094 0.85753425 0.07111111 0.09863014
1 0.04376068 0.39178082 0.07111111 0.15342466
1 0.98136752 0.12328767 0.03726496 0.09863014
1 0.04923077 0.03972603 0.08205128 0.07945205
1 0.94085470 0.89589041 0.07111111 0.08767123
1 0.55247863 0.07945205 0.07658120 0.09863014
1 0.10393162 0.76986301 0.08752137 0.09863014
1 0.59076923 0.83013699 0.09846154 0.11506849
1 0.20239316 0.04246575 0.14769231 0.08493151
1 0.37743590 0.05753425 0.08752137 0.10958904
1 0.78769231 0.09589041 0.08205128 0.10410959
1 0.31726496 0.80821918 0.13128205 0.13150685
