1 0.08512821 0.01780822 0.10940171 0.03561644
1 0.44068376 0.69041096 0.06564103 0.09863014
1 0.53914530 0.70136986 0.09299145 0.10410959
1 0.31487179 0.97671233 0.07658120 0.04657534
1 0.88444444 0.38904110 0.23111111 0.10958904
1 0.67589744 0.36164384 0.07658120 0.09315068
1 0.28205128 0.32876712 0.28444444 0.12054795
1 0.25470085 0.03561644 0.20786325 0.07123288
1 0.06717949 0.64657534 0.13435897 0.12054795
1 0.01794872 0.96301370 0.03589744 0.07397260
1 0.17264957 0.96164384 0.16957265 0.07671233
1 0.52820513 0.34520548 0.16410256 0.12054795
1 0.75247863 0.04109589 0.09846154 0.08219178
1 0.70324786 0.70136986 0.19692308 0.10958904
1 0.91111111 0.72876712 0.14769231 0.12054795
1 0.53914530 0.04109589 0.28444444 0.08219178
1 0.43521368 0.98219178 0.10393162 0.03561644
1 0.28752137 0.67397260 0.21333333 0.12602740
1 0.06871795 0.32328767 0.05470085 0.10958904
