0 0.49880342 0.24931507 0.06564103 0.06575342
0 0.84341880 0.75342466 0.04923077 0.07671233
0 0.95042735 0.39178082 0.09914530 0.09863014
0 0.29094017 0.93972603 0.13675214 0.10410959
0 0.03931624 0.38082192 0.06564103 0.07671233
0 0.93641026 0.03561644 0.04923077 0.05479452
0 0.12683761 0.13972603 0.08205128 0.07123288
0 0.56444444 0.47945205 0.06564103 0.08219178
0 0.13777778 0.38630137 0.06017094 0.07671233
0 0.47692308 0.69315068 0.04376068 0.06027397
0 0.67931624 0.95205479 0.09299145 0.09589041
0 0.58632479 0.64383562 0.06017094 0.08767123
