0 0.21401709 0.72602740 0.04923077 0.10958904
1 0.37264957 0.52876712 0.05470085 0.09863014
0 0.79384615 0.74246575 0.07111111 0.09315068
1 0.94153846 0.74794521 0.08752137 0.06027397
0 0.13743590 0.64383562 0.05470085 0.07671233
1 0.88683761 0.26575342 0.06017094 0.07123288
0 0.43829060 0.98630137 0.06017094 0.02739726
1 0.52034188 0.91780822 0.05470085 0.06575342
1 0.42735043 0.01369863 0.09846154 0.02739726
0 0.28512821 0.73150685 0.03282051 0.06027397
0 0.04991453 0.55616438 0.08752137 0.08767123
0 0.59692308 0.02191781 0.03829060 0.04383562
0 0.20854701 0.99452055 0.05470085 0.01095890
0 0.00170940 0.87397260 0.00341880 0.08767123
0 0.78837607 0.95753425 0.05470085 0.08493151
