1 0.49880342 0.55068493 0.05470085 0.07671233
1 0.56991453 0.18356164 0.14222222 0.08219178
1 0.71213675 0.53424658 0.16957265 0.09863014
1 0.35111111 0.55616438 0.16957265 0.08219178
1 0.87076923 0.53424658 0.11487179 0.09863014
1 0.85743590 0.16712329 0.28512821 0.09863014
1 0.20341880 0.20547945 0.16410256 0.08219178
1 0.15965812 0.56712329 0.10393162 0.08219178
1 0.96820513 0.89041096 0.06358974 0.10958904
1 0.82153846 0.89041096 0.10940171 0.12054795
1 0.56991453 0.89589041 0.14769231 0.13698630
1 0.38940171 0.19452055 0.13128205 0.10958904
