1 0.28000000 0.87397260 0.05470085 0.07671233
1 0.66290598 0.53424658 0.06017094 0.07671233
1 0.35658120 0.18904110 0.08205128 0.08767123
1 0.07760684 0.17260274 0.09846154 0.09315068
1 0.20341880 0.17260274 0.08205128 0.09863014
1 0.97367521 0.20000000 0.05264957 0.08767123
1 0.69025641 0.20000000 0.08205128 0.10410959
1 0.54256410 0.19452055 0.12581197 0.13150685
1 0.09623932 0.51780822 0.19247863 0.14246575
1 0.54256410 0.88493151 0.14222222 0.15890411
1 0.31829060 0.51232877 0.14769231 0.13698630
