1 0.10358974 0.14520548 0.20717949 0.11506849
1 0.69675214 0.10136986 0.07658120 0.09863014
1 0.40136752 0.47397260 0.08205128 0.06575342
1 0.52170940 0.47397260 0.09846154 0.08767123
1 0.91008547 0.09589041 0.09846154 0.10958904
1 0.40683761 0.12328767 0.21333333 0.10410959
1 0.06222222 0.49589041 0.10940171 0.09315068
1 0.80068376 0.44109589 0.20786325 0.12054795
1 0.04341880 0.86301370 0.08683761 0.12602740
1 0.91008547 0.81917808 0.03829060 0.08767123
1 0.20991453 0.85753425 0.09846154 0.08219178
1 0.31931624 0.84109589 0.06017094 0.10410959
1 0.18803419 0.50136986 0.06017094 0.10410959
1 0.28102564 0.50684932 0.08752137 0.07671233
1 0.46153846 0.85205479 0.07658120 0.08219178
1 0.57641026 0.81917808 0.07111111 0.09863014
1 0.71863248 0.81917808 0.06564103 0.10958904
