1 0.19111111 0.03972603 0.09299145 0.07945205
1 0.29504274 0.03287671 0.06564103 0.06575342
1 0.12000000 0.40273973 0.06564103 0.08767123
1 0.08717949 0.03698630 0.09846154 0.07397260
1 0.01897436 0.40273973 0.03794872 0.09863014
1 0.56307692 0.41917808 0.09299145 0.10410959
1 0.04495726 0.78082192 0.08991453 0.14246575
1 0.65606838 0.05890411 0.16410256 0.11780822
1 0.74905983 0.41917808 0.10393162 0.13150685
1 0.36068376 0.40821918 0.18051282 0.10958904
1 0.90769231 0.79726027 0.12034188 0.14246575
