1 0.36410256 0.11232877 0.12581197 0.14794521
1 0.73059829 0.12876712 0.07658120 0.11506849
1 0.19452991 0.51780822 0.15863248 0.12054795
1 0.01931624 0.49589041 0.03863248 0.13150685
1 0.15606838 0.90684932 0.31213675 0.13698630
1 0.86735043 0.55068493 0.11487179 0.13698630
1 0.99247863 0.55616438 0.01504274 0.13698630
1 0.52820513 0.13424658 0.09299145 0.14794521
1 0.02205128 0.10136986 0.04410256 0.13698630
1 0.61025641 0.52328767 0.29538462 0.15890411
1 0.85299145 0.93972603 0.29401709 0.12054795
1 0.95282051 0.15068493 0.09435897 0.15890411
1 0.53367521 0.92054795 0.24068376 0.15890411
1 0.19452991 0.10684932 0.09846154 0.11506849
1 0.31487179 0.52328767 0.08752137 0.13698630
