0 0.25982928 0.02283003 0.07179553 0.04566005
0 0.25213440 0.19292318 0.08034462 0.08447299
0 0.23931427 0.29223715 0.17093973 0.08675945
0 0.56410256 0.44634915 0.07521236 0.06620932
0 0.58119374 0.55821764 0.06837869 0.07534115
0 0.43675547 0.86872110 0.07692078 0.11644142
0 0.04957177 0.32306236 0.09914355 0.16666652
0 0.28888637 0.91895321 0.05128052 0.06620932
0 0.44273493 0.02397326 0.08546987 0.04794652
0 0.15384440 0.06507047 0.08888670 0.05707748
0 0.02222135 0.08447737 0.04444269 0.11415496
0 0.09914705 0.12442740 0.04786369 0.05251156
0 0.14444111 0.62214751 0.18974632 0.15753468
0 0.09658442 0.79337995 0.10769329 0.07990707
0 0.07008295 0.98401753 0.09231054 0.03196493
0 0.30256071 0.44977184 0.23589459 0.15981414
0 0.02478747 0.47032197 0.04957495 0.11415496
0 0.13931586 0.21460953 0.09059512 0.07762762
0 0.46752098 0.18721403 0.07008711 0.06849578
0 0.43333164 0.13127978 0.06666328 0.04337973
0 0.01709435 0.60844975 0.03418869 0.11644142
0 0.04786336 0.88241885 0.09572671 0.08903890
0 0.41709467 0.66666345 0.08205303 0.06392986
