1 0.22837607 0.90958904 0.08205128 0.10958904
1 0.31042735 0.52054795 0.08752137 0.13698630
1 0.09709402 0.13150685 0.09299145 0.13698630
1 0.01982906 0.49315068 0.03965812 0.18082192
1 0.16820513 0.51506849 0.20786325 0.19178082
1 0.45264957 0.12054795 0.14222222 0.19178082
1 0.27213675 0.12054795 0.15863248 0.20273973
1 0.75350427 0.15890411 0.12034188 0.18630137
1 0.66051282 0.56438356 0.31726496 0.21369863
1 0.95743590 0.59178082 0.08512821 0.23561644
1 0.58940171 0.95342466 0.33367521 0.09315068
