1 0.06888889 0.10136986 0.13777778 0.16986301
1 0.04290598 0.83013699 0.08581197 0.14246575
1 0.03196581 0.48493151 0.06393162 0.09863014
1 0.90358974 0.35342466 0.10393162 0.12054795
1 0.31829060 0.94520548 0.07111111 0.10410959
1 0.42222222 0.95205479 0.09846154 0.09589041
1 0.55897436 0.97123288 0.11487179 0.05753425
1 0.75042735 0.69315068 0.19692308 0.12602740
1 0.18153846 0.89589041 0.15316239 0.10958904
1 0.66837607 0.29315068 0.19692308 0.16438356
1 0.33470085 0.18904110 0.22974359 0.12602740
1 0.94358974 0.01643836 0.11282051 0.03287671
1 0.65743590 0.98630137 0.09299145 0.02739726
