1 0.08068376 0.56986301 0.04923077 0.07123288
1 0.71521368 0.97397260 0.04376068 0.05205479
1 0.85743590 0.96712329 0.06564103 0.06575342
1 0.54017094 0.28493151 0.07111111 0.07123288
1 0.29401709 0.57534247 0.10393162 0.09863014
1 0.44170940 0.58630137 0.09846154 0.08219178
1 0.28307692 0.90958904 0.08205128 0.10410959
1 0.79726496 0.61369863 0.07111111 0.10410959
1 0.10256410 0.90958904 0.09299145 0.10410959
1 0.92307692 0.30684932 0.08752137 0.13150685
1 0.60581197 0.94246575 0.10940171 0.10958904
1 0.45264957 0.94246575 0.07111111 0.07123288
