1 0.68786325 0.93287671 0.21880342 0.13424658
1 0.74256410 0.59452055 0.09299145 0.09863014
1 0.48547009 0.52328767 0.13675214 0.09863014
1 0.95196581 0.96027397 0.09606838 0.07945205
1 0.17367521 0.81369863 0.12034188 0.10410959
1 0.84649573 0.26027397 0.10940171 0.14794521
1 0.03623932 0.06164384 0.07247863 0.12328767
1 0.03487179 0.39178082 0.06974359 0.13698630
1 0.96700855 0.66027397 0.06598291 0.15342466
1 0.44170940 0.86301370 0.14769231 0.16438356
1 0.31589744 0.49589041 0.10393162 0.12602740
1 0.57299145 0.18356164 0.20786325 0.15342466
1 0.17367521 0.44657534 0.08205128 0.09315068
