1 0.50290598 0.72602740 0.11487179 0.09863014
1 0.06136752 0.69863014 0.12273504 0.09863014
1 0.26222222 0.04383562 0.09846154 0.08767123
1 0.92512821 0.07945205 0.14974359 0.10958904
1 0.63965812 0.04657534 0.14769231 0.09315068
1 0.48649573 0.05068493 0.11487179 0.10136986
1 0.33333333 0.38082192 0.33914530 0.13150685
1 0.78188034 0.41369863 0.11487179 0.08219178
1 0.81470085 0.75890411 0.29538462 0.08767123
1 0.30051282 0.71506849 0.06564103 0.09863014
1 0.13641026 0.04246575 0.07658120 0.08493151
1 0.05982906 0.34794521 0.08752137 0.08219178
