0 0.05213790 0.49657600 0.10427580 0.34018542
0 0.04871932 0.77854071 0.09743863 0.15068230
0 0.19914546 0.66666521 0.15897381 0.07762762
0 0.16239349 0.78424986 0.08888670 0.16210060
0 0.18461692 0.93607452 0.15384856 0.12785096
0 0.20684034 0.51940559 0.12649288 0.16666652
0 0.19402021 0.37328921 0.08717828 0.10730258
0 0.21025718 0.22374312 0.16752290 0.19634849
0 0.23589744 0.06164252 0.10940171 0.09589129
0 0.44102652 0.86530016 0.13675039 0.10502312
0 0.33589585 0.90525019 0.05641277 0.06164340
0 0.39230862 0.93721162 0.05982961 0.05251156
0 0.35726507 0.98630137 0.05812119 0.02739726
0 0.57179744 0.84018411 0.04273843 0.04565918
0 0.63504388 0.81735452 0.04957210 0.04109326
0 0.41965730 0.77511101 0.07692078 0.05251156
0 0.30940138 0.78767255 0.10598488 0.12785271
0 0.33333322 0.52282827 0.08546987 0.09132537
0 0.43076901 0.65981984 0.10598488 0.10502312
0 0.52564217 0.58219222 0.20683750 0.10045721
0 0.47948691 0.46004866 0.21025433 0.10730258
0 0.42051151 0.27854115 0.17093973 0.22374400
0 0.40769138 0.09589041 0.18632249 0.10958904
0 0.47948691 0.03424570 0.10085262 0.06849140
0 0.53162163 0.20662268 0.04102302 0.15296877
0 0.59059703 0.08903803 0.08717828 0.11415496
0 0.58803441 0.69749041 0.08888670 0.08447299
