1 0.32034188 0.36438356 0.28444444 0.12602740
1 0.10700855 0.34794521 0.06017094 0.11506849
1 0.40786325 0.04931507 0.15316239 0.09863014
1 0.67589744 0.72602740 0.22974359 0.16986301
1 0.19435897 0.70410959 0.38871795 0.12054795
1 0.18905983 0.03698630 0.14222222 0.07397260
1 0.95282051 0.73698630 0.09435897 0.13698630
1 0.65948718 0.38630137 0.16410256 0.12602740
1 0.80717949 0.05205479 0.28991453 0.10410959
1 0.04803419 0.03698630 0.09606838 0.07397260
1 0.87897436 0.41917808 0.24205128 0.13150685
1 0.58837607 0.05068493 0.09299145 0.10136986
