1 0.88598291 0.56986301 0.22803419 0.14794521
1 0.66803419 0.55342466 0.12581197 0.12054795
1 0.60786325 0.14246575 0.18051282 0.13150685
1 0.02495726 0.08767123 0.04991453 0.13698630
1 0.92427350 0.95753425 0.15145299 0.08493151
1 0.67897436 0.95616438 0.30632479 0.08767123
1 0.21401709 0.52602740 0.23521368 0.13150685
1 0.87589744 0.15890411 0.24068376 0.13698630
1 0.37264957 0.94520548 0.15863248 0.10958904
1 0.27965812 0.12602740 0.35555556 0.12602740
1 0.48752137 0.54246575 0.10393162 0.14246575
