1 0.72307692 0.95479452 0.08752137 0.09041096
1 0.85982906 0.96164384 0.08205128 0.07671233
1 0.97367521 0.64657534 0.05264957 0.12054795
1 0.59726496 0.13698630 0.14769231 0.10958904
1 0.26905983 0.80547945 0.10940171 0.14246575
1 0.38940171 0.86027397 0.07111111 0.12054795
1 0.51521368 0.89315068 0.15863248 0.10410959
1 0.95316239 0.98219178 0.09367521 0.03561644
1 0.49880342 0.50958904 0.05470085 0.07671233
1 0.61367521 0.53150685 0.07111111 0.12054795
1 0.83247863 0.58082192 0.09846154 0.13698630
1 0.09948718 0.77260274 0.14222222 0.13698630
1 0.87623932 0.21369863 0.15863248 0.14246575
1 0.19247863 0.42191781 0.12034188 0.15890411
1 0.34564103 0.47123288 0.07658120 0.09863014
1 0.02376068 0.36164384 0.04752137 0.08767123
1 0.27452991 0.07123288 0.07111111 0.09315068
1 0.41128205 0.10410959 0.07111111 0.09863014
1 0.09948718 0.04383562 0.16957265 0.08219178
