1 0.77230769 0.89589041 0.08205128 0.10410959
1 0.66837607 0.89589041 0.12034188 0.14246575
1 0.97641026 0.17260274 0.04717949 0.12054795
1 0.04974359 0.17260274 0.09948718 0.13698630
1 0.55897436 0.13972603 0.12581197 0.15890411
1 0.35111111 0.52876712 0.15863248 0.13698630
1 0.67931624 0.51780822 0.14222222 0.16986301
1 0.46598291 0.91780822 0.12034188 0.14794521
1 0.10991453 0.52876712 0.21982906 0.16438356
1 0.92170940 0.52328767 0.15658120 0.17534247
1 0.27452991 0.17260274 0.07111111 0.10958904
