1 0.83213675 0.46849315 0.32820513 0.12054795
1 0.13743590 0.79726027 0.24068376 0.13698630
1 0.08786325 0.10136986 0.17572650 0.13150685
1 0.29606838 0.10684932 0.19692308 0.14246575
1 0.87504274 0.79726027 0.24991453 0.13150685
1 0.61880342 0.79178082 0.20239316 0.12054795
1 0.04991453 0.45205479 0.09846154 0.09863014
1 0.81025641 0.13972603 0.16410256 0.09863014
1 0.45470085 0.45753425 0.38290598 0.11506849
1 0.39452991 0.78082192 0.18051282 0.13698630
1 0.56957265 0.11780822 0.18598291 0.09315068
1 0.96256410 0.11232877 0.07487179 0.07671233
