1 0.05384615 0.02328767 0.10769231 0.04657534
1 0.32376068 0.82465753 0.09299145 0.07671233
1 0.06068376 0.39178082 0.12136752 0.10410959
1 0.66290598 0.44657534 0.08205128 0.12054795
1 0.94735043 0.45753425 0.09299145 0.11506849
1 0.03743590 0.79178082 0.07487179 0.09863014
1 0.54803419 0.43561644 0.09299145 0.12602740
1 0.22529915 0.03013699 0.12034188 0.06027397
1 0.56991453 0.03013699 0.05470085 0.06027397
1 0.81606838 0.05205479 0.05470085 0.08219178
1 0.19247863 0.40273973 0.04376068 0.09315068
