1 0.60717949 0.96986301 0.23521368 0.06027397
1 0.07658120 0.64931507 0.13128205 0.10958904
1 0.21880342 0.64383562 0.14222222 0.12602740
1 0.67282051 0.28219178 0.22974359 0.14794521
1 0.92803419 0.26027397 0.14393162 0.13698630
1 0.87521368 0.96438356 0.20786325 0.07123288
1 0.14222222 0.27123288 0.28444444 0.14794521
1 0.44854701 0.29315068 0.10940171 0.14794521
1 0.29538462 0.97534247 0.29538462 0.04931507
1 0.52512821 0.63835616 0.13128205 0.14246575
1 0.72205128 0.62191781 0.14769231 0.15890411
