1 0.37811966 0.90136986 0.12034188 0.08219178
1 0.46564103 0.57260274 0.08752137 0.08767123
1 0.15384615 0.55616438 0.06564103 0.08767123
1 0.30153846 0.55616438 0.10393162 0.07671233
1 0.81572650 0.25479452 0.32820513 0.11506849
1 0.70085470 0.58356164 0.21880342 0.09863014
1 0.05777778 0.53424658 0.11555556 0.11506849
1 0.52581197 0.23287671 0.20786325 0.11506849
1 0.05094017 0.18356164 0.10188034 0.14246575
1 0.69538462 0.92328767 0.26803419 0.11506849
1 0.16478632 0.21643836 0.07111111 0.10410959
1 0.28512821 0.21643836 0.14222222 0.11506849
1 0.17572650 0.90136986 0.18598291 0.09315068
1 0.96803419 0.95479452 0.06393162 0.09041096
1 0.91965812 0.60547945 0.15863248 0.06575342
