1 0.75452991 0.63561644 0.18051282 0.10958904
1 0.97572650 0.31232877 0.04854701 0.10958904
1 0.42632479 0.94246575 0.18051282 0.08767123
1 0.04888889 0.56986301 0.07658120 0.10958904
1 0.64512821 0.95205479 0.11487179 0.09589041
1 0.18017094 0.92602740 0.24615385 0.10958904
1 0.41538462 0.59178082 0.07111111 0.09315068
1 0.55213675 0.60821918 0.15863248 0.12602740
1 0.88034188 0.29589041 0.08752137 0.12054795
1 0.43726496 0.26849315 0.07111111 0.09863014
1 0.75452991 0.94931507 0.08752137 0.10136986
1 0.87487179 0.96438356 0.11487179 0.07123288
1 0.04085470 0.23013699 0.08170940 0.13150685
1 0.29504274 0.59178082 0.11487179 0.10958904
1 0.71623932 0.29041096 0.09846154 0.11506849
1 0.26769231 0.24109589 0.19692308 0.11506849
