1 0.61367521 0.95616438 0.23521368 0.08767123
1 0.78324786 0.95479452 0.05470085 0.09041096
1 0.88170940 0.95068493 0.07658120 0.09863014
1 0.75042735 0.17534247 0.12581197 0.10958904
1 0.96957265 0.15890411 0.06085470 0.11506849
1 0.28000000 0.95890411 0.28444444 0.08219178
1 0.10495726 0.59178082 0.09846154 0.10958904
1 0.52615385 0.56986301 0.11487179 0.13698630
1 0.79418803 0.55890411 0.12034188 0.10958904
1 0.28000000 0.58082192 0.15863248 0.14246575
1 0.32735043 0.19726027 0.65470085 0.14794521
