1 0.588889 0.652968 0.309402 0.132420
1 0.680342 0.958904 0.092308 0.082192
1 0.969231 0.302511 0.051282 0.089041
1 0.729915 0.292237 0.088889 0.132420
1 0.921368 0.642694 0.071795 0.148402
1 0.292308 0.647260 0.229060 0.121005
1 0.811111 0.961187 0.114530 0.077626
1 0.860684 0.313927 0.114530 0.130137
1 0.204274 0.954338 0.131624 0.086758
1 0.237607 0.025114 0.201709 0.045662
1 0.401709 0.297945 0.191453 0.152968
1 0.036752 0.972603 0.070085 0.050228
1 0.138462 0.308219 0.273504 0.105023
1 0.365812 0.963470 0.092308 0.073059
1 0.800855 0.648402 0.076923 0.109589
