1 0.03282051 0.40821918 0.06564103 0.07123288
1 0.94632479 0.78082192 0.06017094 0.07671233
1 0.95179487 0.08493151 0.09299145 0.08219178
1 0.84786325 0.08493151 0.08752137 0.09315068
1 0.06017094 0.76438356 0.08752137 0.07671233
1 0.82051282 0.41369863 0.18598291 0.11506849
1 0.71111111 0.08493151 0.09299145 0.10958904
1 0.08752137 0.07945205 0.15863248 0.12054795
1 0.60717949 0.42465753 0.12034188 0.10958904
1 0.45948718 0.09589041 0.19145299 0.10958904
1 0.33914530 0.77534247 0.22427350 0.14246575
1 0.74393162 0.78630137 0.25709402 0.10958904
1 0.38837607 0.41369863 0.17504274 0.12054795
1 0.14222222 0.41369863 0.10393162 0.09863014
0 0.76034188 0.66575342 0.09846154 0.06575342
