1 0.655556 0.152968 0.104274 0.105023
1 0.261538 0.140411 0.044444 0.070776
1 0.388034 0.134703 0.082051 0.082192
1 0.282906 0.809361 0.076923 0.075342
1 0.196581 0.464612 0.136752 0.089041
1 0.441026 0.474886 0.064957 0.082192
1 0.589744 0.497717 0.102564 0.105023
1 0.831624 0.500000 0.241026 0.114155
1 0.119658 0.147260 0.164103 0.070776
1 0.047863 0.470320 0.082051 0.077626
1 0.316239 0.481735 0.064957 0.086758
1 0.626496 0.829909 0.401709 0.075342
1 0.896581 0.837900 0.059829 0.054795
1 0.852137 0.157534 0.158974 0.086758
1 0.491453 0.152968 0.076923 0.054795
1 0.120513 0.811644 0.059829 0.061644
1 0.031624 0.802511 0.059829 0.061644
1 0.677778 0.492009 0.049573 0.089041
1 0.573504 0.152968 0.046154 0.063927
1 0.735897 0.155251 0.046154 0.063927
