1 0.87931624 0.11506849 0.04376068 0.06575342
1 0.63863248 0.05479452 0.05470085 0.06575342
1 0.71521368 0.43835616 0.04923077 0.07671233
1 0.97111111 0.14246575 0.05777778 0.08767123
1 0.47452991 0.03835616 0.07111111 0.06575342
1 0.76444444 0.08767123 0.07111111 0.08767123
1 0.00888889 0.95479452 0.01777778 0.09041096
1 0.34871795 0.69041096 0.08205128 0.13150685
1 0.40888889 0.99863014 0.10393162 0.00273973
1 0.22290598 0.96986301 0.14222222 0.06027397
1 0.13538462 0.26849315 0.09846154 0.14246575
1 0.11350427 0.63561644 0.12581197 0.15342466
