1 0.83555556 0.24109589 0.08205128 0.08219178
1 0.06495726 0.29041096 0.12991453 0.09863014
1 0.93948718 0.23561644 0.11487179 0.11506849
1 0.54564103 0.97260274 0.05470085 0.05479452
1 0.71521368 0.24657534 0.13675214 0.10958904
1 0.97247863 0.94794521 0.05504274 0.08219178
1 0.62769231 0.96986301 0.04923077 0.06027397
1 0.78085470 0.96438356 0.07658120 0.07123288
1 0.21196581 0.28493151 0.07658120 0.09863014
1 0.21196581 0.98356164 0.07111111 0.03287671
1 0.42529915 0.26301370 0.21880342 0.12054795
