1 0.52717949 0.23287671 0.04923077 0.06027397
1 0.97572650 0.22739726 0.03829060 0.04931507
1 0.10598291 0.91232877 0.11487179 0.14246575
1 0.82256410 0.91780822 0.08752137 0.09863014
1 0.46153846 0.58904110 0.06564103 0.10410959
1 0.98239316 0.58356164 0.03521368 0.08767123
1 0.22632479 0.92328767 0.08205128 0.11506849
1 0.07863248 0.23287671 0.08205128 0.07123288
1 0.40136752 0.92328767 0.07658120 0.09863014
1 0.94290598 0.91780822 0.09299145 0.10410959
1 0.27008547 0.22191781 0.20239316 0.09863014
1 0.64752137 0.92328767 0.08205128 0.10958904
