1 0.21641026 0.50958904 0.04923077 0.06027397
1 0.79623932 0.21369863 0.05470085 0.07123288
1 0.33128205 0.17534247 0.04376068 0.07123288
1 0.14529915 0.84383562 0.13675214 0.08219178
1 0.03589744 0.15342466 0.06564103 0.07123288
1 0.55555556 0.88767123 0.18051282 0.10410959
1 0.39145299 0.87671233 0.07658120 0.10958904
1 0.17264957 0.17534247 0.04923077 0.08219178
1 0.94393162 0.56438356 0.10393162 0.12602740
1 0.41880342 0.53150685 0.08752137 0.08767123
1 0.75794872 0.56438356 0.16410256 0.10410959
1 0.95829060 0.90410959 0.08341880 0.13698630
