1 0.31589744 0.11232877 0.12034188 0.07123288
1 0.63316239 0.12876712 0.04376068 0.06027397
1 0.51282051 0.78630137 0.04923077 0.06575342
1 0.94495726 0.81917808 0.05470085 0.05479452
1 0.85743590 0.81369863 0.06017094 0.06027397
1 0.87384615 0.14520548 0.07111111 0.06575342
1 0.75897436 0.13972603 0.06017094 0.06575342
1 0.51829060 0.12328767 0.09846154 0.07671233
1 0.66051282 0.79726027 0.05470085 0.07671233
1 0.36512821 0.77534247 0.08752137 0.09315068
1 0.05880342 0.75890411 0.07111111 0.09315068
1 0.21743590 0.77534247 0.15316239 0.09863014
1 0.11897436 0.10684932 0.16957265 0.09315068
