1 0.22632479 0.30410959 0.03829060 0.11506849
1 0.41230769 0.27123288 0.06564103 0.08219178
1 0.90461538 0.23835616 0.04923077 0.06575342
1 0.49435897 0.26575342 0.07658120 0.08767123
1 0.33025641 0.27123288 0.06017094 0.08767123
1 0.97555556 0.22739726 0.04888889 0.08219178
1 0.84444444 0.97397260 0.06564103 0.05205479
1 0.77880342 0.24931507 0.08752137 0.08219178
1 0.59829060 0.26027397 0.09846154 0.09863014
1 0.08957265 0.29863014 0.17504274 0.13698630
1 0.52170940 0.97123288 0.09299145 0.05753425
