1 0.60136752 0.72876712 0.08752137 0.08219178
1 0.41538462 0.71780822 0.08752137 0.09315068
1 0.12547009 0.70136986 0.08205128 0.10958904
1 0.52478632 0.07123288 0.12034188 0.09863014
1 0.27316239 0.05068493 0.13675214 0.10136986
1 0.86393162 0.74520548 0.13675214 0.12602740
1 0.31145299 0.39452055 0.32273504 0.11506849
1 0.66153846 0.42191781 0.26256410 0.13150685
1 0.98666667 0.10958904 0.02666667 0.07671233
1 0.65059829 0.07671233 0.06564103 0.07671233
1 0.05982906 0.04383562 0.10940171 0.07671233
1 0.72717949 0.72876712 0.04376068 0.07671233
