1 0.67829060 0.21917808 0.09846154 0.09315068
1 0.90803419 0.28493151 0.10393162 0.08219178
1 0.97726496 0.67945205 0.04547009 0.10958904
1 0.59076923 0.59726027 0.09846154 0.10958904
1 0.06017094 0.07671233 0.10940171 0.15342466
1 0.36102564 0.88219178 0.12034188 0.14794521
1 0.96769231 0.01232877 0.06461538 0.02465753
1 0.08205128 0.44383562 0.15316239 0.14246575
1 0.37196581 0.15342466 0.12581197 0.12054795
1 0.32820513 0.53150685 0.13128205 0.12602740
1 0.77675214 0.96301370 0.08752137 0.07397260
1 0.90256410 0.98356164 0.09299145 0.03287671
1 0.88615385 0.65753425 0.08752137 0.10410959
1 0.12034188 0.83835616 0.08205128 0.11506849
