1 0.36307692 0.80273973 0.06564103 0.09863014
1 0.33572650 0.03698630 0.07658120 0.07397260
1 0.44512821 0.05205479 0.12034188 0.10410959
1 0.10598291 0.02876712 0.07658120 0.05753425
1 0.52170940 0.81369863 0.26803419 0.13698630
1 0.02974359 0.74794521 0.05948718 0.10958904
1 0.23726496 0.78082192 0.13128205 0.09863014
1 0.80068376 0.84109589 0.19145299 0.15890411
1 0.98649573 0.86301370 0.02700855 0.15890411
1 0.41777778 0.43561644 0.14222222 0.15342466
1 0.04752137 0.38082192 0.09504274 0.13150685
1 0.87299145 0.47397260 0.25401709 0.15342466
1 0.60923077 0.44657534 0.13675214 0.18082192
1 0.87179487 0.07945205 0.15316239 0.15890411
