1 0.07076923 0.95342466 0.12581197 0.09315068
1 0.45914530 0.70136986 0.08752137 0.10958904
1 0.33333333 0.66849315 0.09299145 0.12054795
1 0.86393162 0.42191781 0.11487179 0.14794521
1 0.72170940 0.03561644 0.18051282 0.07123288
1 0.26769231 0.98767123 0.11487179 0.02465753
1 0.90222222 0.82739726 0.10940171 0.12054795
1 0.53572650 0.01232877 0.12581197 0.02465753
1 0.85846154 0.05479452 0.07658120 0.08219178
1 0.96205128 0.08219178 0.07589744 0.10410959
1 0.49196581 0.33424658 0.13675214 0.13150685
1 0.09811966 0.25205479 0.06564103 0.12054795
1 0.25675214 0.26301370 0.13675214 0.13698630
1 0.05435897 0.58082192 0.06564103 0.09315068
