1 0.09709402 0.78356164 0.08752137 0.12054795
1 0.83555556 0.38904110 0.24615385 0.10410959
1 0.90000000 0.04794521 0.20000000 0.09589041
1 0.65504274 0.04657534 0.24068376 0.09315068
1 0.04991453 0.07671233 0.09982906 0.13150685
1 0.81914530 0.73972603 0.15316239 0.12054795
1 0.40341880 0.77808219 0.24615385 0.13698630
1 0.36512821 0.41643836 0.12034188 0.14794521
1 0.64957265 0.76164384 0.15316239 0.13150685
1 0.55658120 0.39452055 0.10940171 0.15890411
1 0.19555556 0.42191781 0.14222222 0.14794521
1 0.32136752 0.06712329 0.30632479 0.13424658
1 0.20649573 0.76164384 0.04376068 0.07123288
