1 0.68478632 0.91643836 0.11487179 0.16712329
1 0.85435897 0.90684932 0.19692308 0.15342466
1 0.45504274 0.16712329 0.21880342 0.11506849
1 0.03196581 0.17808219 0.06393162 0.10410959
1 0.72854701 0.15068493 0.21880342 0.12054795
1 0.44957265 0.91232877 0.24068376 0.09315068
1 0.18700855 0.17808219 0.09846154 0.13150685
1 0.19794872 0.55616438 0.13128205 0.12054795
1 0.96000000 0.14520548 0.08000000 0.14246575
1 0.17606838 0.90136986 0.14769231 0.12054795
1 0.70119658 0.52876712 0.34461538 0.11506849
1 0.38940171 0.55616438 0.20239316 0.09315068
