1 0.68239316 0.64383562 0.06564103 0.09315068
1 0.33230769 0.96712329 0.09846154 0.06575342
1 0.28854701 0.63287671 0.17504274 0.09315068
1 0.81367521 0.63287671 0.13128205 0.09863014
1 0.67145299 0.96164384 0.08205128 0.07671233
1 0.82461538 0.95753425 0.12034188 0.08493151
1 0.05128205 0.63835616 0.10256410 0.10958904
1 0.31042735 0.29315068 0.17504274 0.10410959
1 0.09709402 0.29863014 0.18598291 0.12054795
1 0.56205128 0.29315068 0.18598291 0.10410959
1 0.08410256 0.96027397 0.16820513 0.07945205
1 0.86444444 0.29315068 0.27111111 0.12054795
1 0.96837607 0.64383562 0.06324786 0.07671233
1 0.49094017 0.63835616 0.15316239 0.09315068
