0 0.661538 0.327626 0.037607 0.047945
0 0.344444 0.541096 0.049573 0.059361
0 0.498291 0.902968 0.049573 0.070776
0 0.399145 0.871005 0.052991 0.070776
0 0.366667 0.229452 0.042735 0.061644
1 0.317094 0.705479 0.152137 0.077626
0 0.404274 0.486301 0.049573 0.063927
0 0.267521 0.815068 0.186325 0.105023
0 0.513675 0.662100 0.070085 0.082192
0 0.147863 0.234018 0.066667 0.066210
0 0.130769 0.086758 0.070085 0.077626
0 0.803419 0.069635 0.071795 0.098174
0 0.481197 0.509132 0.059829 0.082192
0 0.574359 0.437215 0.071795 0.070776
0 0.409402 0.059361 0.059829 0.077626
0 0.841880 0.376712 0.070085 0.100457
0 0.886325 0.666667 0.070085 0.082192
0 0.590598 0.584475 0.104274 0.086758
0 0.776923 0.590183 0.059829 0.075342
0 0.497436 0.305936 0.064957 0.086758
0 0.262393 0.525114 0.066667 0.105023
