1 0.319658 0.691781 0.099145 0.082192
1 0.094872 0.368721 0.104274 0.102740
1 0.095726 0.698630 0.082051 0.082192
1 0.942735 0.713470 0.097436 0.121005
1 0.558120 0.700913 0.158974 0.082192
1 0.741026 0.708904 0.076923 0.098174
1 0.264957 0.357306 0.102564 0.098174
1 0.385470 0.363014 0.076923 0.100457
1 0.477778 0.352740 0.059829 0.089041
1 0.686325 0.363014 0.258120 0.086758
1 0.976068 0.363014 0.047863 0.073059
1 0.042735 0.041096 0.082051 0.077626
1 0.231624 0.029680 0.278632 0.054795
1 0.461538 0.030822 0.061538 0.057078
1 0.588034 0.023973 0.071795 0.043379
1 0.707692 0.026256 0.082051 0.047945
1 0.871795 0.027397 0.170940 0.050228
