1 0.92307692 0.76164384 0.09299145 0.09863014
1 0.58393162 0.40000000 0.10940171 0.12602740
1 0.81914530 0.77260274 0.06564103 0.09315068
1 0.68786325 0.08904110 0.18598291 0.17808219
1 0.63316239 0.79452055 0.22427350 0.16438356
1 0.43623932 0.09315068 0.30632479 0.18630137
1 0.26666667 0.84383562 0.44307692 0.18630137
1 0.38700855 0.44383562 0.24615385 0.19178082
1 0.07316239 0.48219178 0.14632479 0.20273973
1 0.93008547 0.36164384 0.13982906 0.19726027
1 0.07042735 0.12602740 0.14085470 0.22465753
