1 0.65743590 0.01917808 0.05470085 0.03835616
1 0.78324786 0.01506849 0.07658120 0.03013699
1 0.36205128 0.02054795 0.19692308 0.04109589
1 0.73948718 0.33972603 0.06564103 0.07671233
1 0.59726496 0.70684932 0.09299145 0.07671233
1 0.01692308 0.38904110 0.03384615 0.08219178
1 0.82153846 0.69041096 0.10940171 0.08219178
1 0.90905983 0.33424658 0.07658120 0.08219178
1 0.07760684 0.03150685 0.09299145 0.06301370
1 0.09948718 0.73424658 0.12581197 0.08767123
1 0.25264957 0.72328767 0.11487179 0.08767123
1 0.20341880 0.03972603 0.08205128 0.07945205
1 0.37846154 0.36164384 0.44307692 0.08219178
1 0.53709402 0.02191781 0.10393162 0.04383562
