1 0.52717949 0.91506849 0.08205128 0.10958904
1 0.67487179 0.93698630 0.09846154 0.11506849
1 0.81709402 0.59726027 0.04376068 0.06027397
1 0.91555556 0.61917808 0.05470085 0.07671233
1 0.20991453 0.44383562 0.05470085 0.07671233
1 0.46700855 0.49315068 0.06564103 0.09863014
1 0.31931624 0.10958904 0.06564103 0.08767123
1 0.36307692 0.84931507 0.10393162 0.09315068
1 0.99333333 0.27945205 0.01333333 0.10958904
1 0.01470085 0.02191781 0.02940171 0.04383562
1 0.08410256 0.76712329 0.07111111 0.08767123
1 0.83350427 0.96575342 0.20239316 0.06849315
1 0.20991453 0.81095890 0.12581197 0.10410959
