1 0.09709402 0.78082192 0.05470085 0.07123288
1 0.01025641 0.09589041 0.02051282 0.05479452
1 0.44170940 0.11780822 0.05470085 0.07671233
1 0.20102564 0.77534247 0.07658120 0.06575342
1 0.29401709 0.44657534 0.07111111 0.10410959
1 0.40888889 0.79178082 0.07111111 0.08767123
1 0.75897436 0.81917808 0.09299145 0.12602740
1 0.71521368 0.14520548 0.10393162 0.10958904
1 0.89572650 0.83561644 0.10940171 0.11506849
1 0.03213675 0.41917808 0.06427350 0.12602740
1 0.19008547 0.43013699 0.11487179 0.12054795
1 0.40341880 0.45205479 0.08752137 0.12054795
1 0.90820513 0.50684932 0.18358974 0.18082192
