1 0.44923077 0.13972603 0.04923077 0.06027397
1 0.46017094 0.51780822 0.07658120 0.11506849
1 0.07726496 0.14520548 0.08205128 0.09315068
1 0.17538462 0.51780822 0.35076923 0.15342466
1 0.11384615 0.91232877 0.22769231 0.14246575
1 0.71726496 0.11780822 0.05470085 0.07123288
1 0.82119658 0.13424658 0.10940171 0.10410959
1 0.38358974 0.91232877 0.13128205 0.12602740
1 0.65162393 0.51780822 0.31179487 0.14246575
1 0.92427350 0.92602740 0.15145299 0.14794521
1 0.92512821 0.55068493 0.10393162 0.13698630
1 0.29606838 0.11780822 0.10940171 0.12602740
1 0.52581197 0.12876712 0.06564103 0.08767123
