1 0.797436 0.200913 0.097436 0.109589
1 0.030769 0.174658 0.058120 0.093607
1 0.387179 0.167808 0.179487 0.175799
1 0.452137 0.513699 0.104274 0.155251
1 0.617094 0.881279 0.290598 0.159817
1 0.027350 0.507991 0.051282 0.121005
1 0.271795 0.503425 0.164103 0.157534
1 0.800855 0.513699 0.398291 0.182648
1 0.189744 0.864155 0.290598 0.125571
1 0.398291 0.869863 0.082051 0.136986
1 0.168376 0.163242 0.186325 0.125571
1 0.147009 0.525114 0.092308 0.086758
1 0.851282 0.885845 0.109402 0.136986
1 0.966667 0.873288 0.066667 0.134703
