1 0.34461538 0.24657534 0.15863248 0.14794521
1 0.10940171 0.24109589 0.21333333 0.12054795
1 0.44854701 0.60273973 0.16957265 0.14794521
1 0.57982906 0.94931507 0.13675214 0.10136986
1 0.16957265 0.94657534 0.33367521 0.10684932
1 0.93760684 0.25205479 0.12478632 0.13150685
1 0.41572650 0.95342466 0.07658120 0.07123288
1 0.68376068 0.60273973 0.08752137 0.07671233
1 0.91299145 0.64109589 0.17401709 0.10958904
1 0.56341880 0.25753425 0.22427350 0.11506849
1 0.03829060 0.59726027 0.07658120 0.12602740
1 0.80410256 0.26301370 0.04923077 0.06027397
