1 0.49777778 0.77260274 0.09846154 0.09315068
1 0.86427350 0.40000000 0.08752137 0.08767123
1 0.97863248 0.38904110 0.04273504 0.08219178
1 0.08205128 0.78904110 0.15863248 0.09863014
1 0.56888889 0.40000000 0.07111111 0.08767123
1 0.77675214 0.04931507 0.07111111 0.09315068
1 0.90803419 0.03698630 0.13675214 0.07397260
1 0.20786325 0.43287671 0.39931624 0.13698630
1 0.71111111 0.40547945 0.13128205 0.10958904
1 0.33914530 0.77260274 0.15863248 0.12054795
1 0.11487179 0.08219178 0.21333333 0.12602740
1 0.47589744 0.06575342 0.43760684 0.12054795
1 0.60170940 0.76164384 0.07111111 0.09315068
1 0.85880342 0.75068493 0.24068376 0.07123288
