1 0.66393162 0.90136986 0.06017094 0.06575342
1 0.74598291 0.90136986 0.05470085 0.07671233
1 0.46153846 0.12876712 0.06017094 0.06027397
1 0.48341880 0.91232877 0.05470085 0.07123288
1 0.62564103 0.49041096 0.06564103 0.07123288
1 0.13880342 0.51232877 0.06017094 0.07123288
1 0.33572650 0.13972603 0.07658120 0.09863014
1 0.37948718 0.91232877 0.07111111 0.08767123
1 0.03111111 0.93424658 0.06222222 0.10410959
1 0.24273504 0.92876712 0.07111111 0.12054795
1 0.93743590 0.91780822 0.10393162 0.12054795
