1 0.98102564 0.30410959 0.03794872 0.10410959
1 0.58188034 0.18356164 0.06564103 0.09315068
1 0.97008547 0.60547945 0.05982906 0.10958904
1 0.88820513 0.18904110 0.08205128 0.13150685
1 0.52717949 0.51232877 0.08205128 0.09863014
1 0.03487179 0.12876712 0.05470085 0.08767123
1 0.41777778 0.16164384 0.12581197 0.09315068
1 0.27555556 0.14520548 0.13128205 0.09863014
1 0.86085470 0.88493151 0.07111111 0.10410959
1 0.73504274 0.17260274 0.20786325 0.16438356
1 0.58188034 0.85753425 0.09846154 0.13698630
1 0.72410256 0.52876712 0.18598291 0.18082192
