1 0.66837607 0.60273973 0.22427350 0.15342466
1 0.75042735 0.24657534 0.09299145 0.12054795
1 0.90358974 0.26849315 0.07111111 0.14794521
1 0.30735043 0.13150685 0.10940171 0.13150685
1 0.00324786 0.40547945 0.00649573 0.12054795
1 0.95863248 0.68493151 0.08273504 0.15890411
1 0.99555556 0.32328767 0.00888889 0.09863014
1 0.55897436 0.93013699 0.22974359 0.13972603
1 0.53162393 0.20821918 0.07658120 0.14246575
1 0.20341880 0.85479452 0.13128205 0.12054795
1 0.00598291 0.81095890 0.01196581 0.10958904
1 0.09401709 0.47123288 0.08752137 0.10410959
1 0.21982906 0.49315068 0.08752137 0.11506849
1 0.47692308 0.57534247 0.07111111 0.12054795
1 0.95829060 0.00821918 0.06017094 0.01643836
1 0.02102564 0.07671233 0.04205128 0.13150685
