1 0.74358974 0.70684932 0.07111111 0.08219178
1 0.04085470 0.30684932 0.08170940 0.10410959
1 0.03811966 0.96986301 0.07623932 0.06027397
1 0.78735043 0.04109589 0.32273504 0.08219178
1 0.31145299 0.98219178 0.08752137 0.03561644
1 0.18564103 0.31780822 0.07111111 0.08219178
1 0.30598291 0.33972603 0.09299145 0.11506849
1 0.92957265 0.37808219 0.07111111 0.09863014
1 0.22940171 0.66301370 0.15316239 0.12602740
1 0.43726496 0.01917808 0.06017094 0.03835616
1 0.62324786 0.35616438 0.34461538 0.11506849
1 0.94598291 0.72876712 0.06564103 0.07671233
1 0.53572650 0.69589041 0.20239316 0.09863014
