1 0.85401709 0.56986301 0.04376068 0.04931507
1 0.76102564 0.55890411 0.05470085 0.06575342
1 0.95709402 0.96164384 0.08581197 0.07671233
1 0.56410256 0.93150685 0.10393162 0.09863014
1 0.62974359 0.53698630 0.08752137 0.09863014
1 0.09914530 0.84931507 0.08205128 0.08219178
1 0.34529915 0.89315068 0.28444444 0.13150685
1 0.81025641 0.93561644 0.21333333 0.12876712
1 0.16478632 0.10410959 0.13675214 0.15342466
1 0.41641026 0.52054795 0.15863248 0.15342466
1 0.74461538 0.16986301 0.45401709 0.16438356
