1 0.20341880 0.89863014 0.07111111 0.08767123
1 0.92000000 0.37260274 0.08205128 0.10410959
1 0.26905983 0.56438356 0.09846154 0.09315068
1 0.63008547 0.67397260 0.06564103 0.08219178
1 0.73948718 0.67945205 0.08205128 0.09863014
1 0.08854701 0.49315068 0.13675214 0.10958904
1 0.28547009 0.20821918 0.07111111 0.08767123
1 0.10495726 0.15342466 0.12581197 0.12054795
1 0.92717949 0.02191781 0.14564103 0.04383562
1 0.46051282 0.61369863 0.06564103 0.09863014
1 0.84888889 0.69589041 0.07658120 0.10958904
