1 0.78529915 0.09315068 0.06564103 0.05479452
1 0.65948718 0.08767123 0.09846154 0.06575342
1 0.49538462 0.07123288 0.04923077 0.06027397
1 0.96923077 0.43835616 0.06153846 0.06575342
1 0.09606838 0.05479452 0.06564103 0.06027397
1 0.88376068 0.42739726 0.09299145 0.06575342
1 0.92752137 0.10958904 0.05470085 0.04931507
1 0.25470085 0.05479452 0.10393162 0.06575342
1 0.68136752 0.41643836 0.06017094 0.06575342
1 0.76888889 0.42739726 0.06564103 0.06575342
1 0.60478632 0.41643836 0.04923077 0.06575342
1 0.39692308 0.06575342 0.06017094 0.07671233
1 0.05076923 0.37260274 0.10153846 0.08767123
1 0.48444444 0.40547945 0.09846154 0.10410959
1 0.18358974 0.39452055 0.12034188 0.09315068
1 0.33675214 0.40547945 0.11487179 0.10958904
