1 0.16871795 0.66027397 0.33743590 0.16438356
1 0.15965812 0.30410959 0.09846154 0.14246575
1 0.31829060 0.29315068 0.16410256 0.13698630
1 0.53709402 0.97397260 0.09846154 0.05205479
1 0.73401709 0.97671233 0.11487179 0.04657534
1 0.47145299 0.29315068 0.10393162 0.22465753
1 0.04974359 0.28767123 0.09948718 0.13698630
1 0.47145299 0.66027397 0.19692308 0.19178082
1 0.70119658 0.62191781 0.22427350 0.12602740
1 0.73948718 0.24931507 0.13675214 0.14794521
1 0.96136752 0.25479452 0.07726496 0.14246575
1 0.92444444 0.64931507 0.15111111 0.12054795
