1 0.38051282 0.62191781 0.08205128 0.09863014
1 0.92205128 0.79178082 0.07658120 0.10410959
1 0.12888889 0.16712329 0.05470085 0.11506849
1 0.22188034 0.20547945 0.06564103 0.08767123
1 0.33128205 0.23287671 0.06564103 0.08219178
1 0.02752137 0.14520548 0.05504274 0.10410959
1 0.73059829 0.34246575 0.06564103 0.08767123
1 0.77982906 0.73698630 0.08205128 0.10958904
1 0.85641026 0.38630137 0.09846154 0.09863014
1 0.10153846 0.93424658 0.09846154 0.10958904
1 0.00974359 0.51232877 0.01948718 0.10958904
1 0.47350427 0.98219178 0.09299145 0.03561644
1 0.58290598 0.30958904 0.08752137 0.10410959
1 0.98017094 0.41917808 0.03965812 0.11506849
1 0.51726496 0.64931507 0.15316239 0.13150685
1 0.30393162 0.96301370 0.05470085 0.07397260
