0 0.50940007 0.32305797 0.06837869 0.12100734
0 0.70769548 0.72146411 0.30085645 0.29680570
0 0.87521138 0.90182838 0.09914421 0.18265074
0 0.45042467 0.53082477 0.06324644 0.09817074
0 0.81111073 0.16552329 0.15555698 0.16666652
0 0.35726693 0.30593753 0.10598488 0.17351890
0 0.46666864 0.18949611 0.05812119 0.06392986
0 0.28803402 0.53767014 0.12478446 0.22603047
0 0.02136632 0.48401534 0.04273264 0.09132537
0 0.08717599 0.41210389 0.05128052 0.05251156
0 0.17521548 0.40068559 0.06324644 0.13013918
0 0.21367587 0.05593425 0.15726539 0.09360482
0 0.62222561 0.06164340 0.09231054 0.10502312
0 0.90940072 0.61529775 0.09231054 0.12100734
0 0.39658152 0.76483682 0.17093973 0.19178258
