1 0.55452991 0.60821918 0.03282051 0.04383562
1 0.47247863 0.25753425 0.04923077 0.05479452
1 0.33025641 0.94794521 0.04376068 0.06575342
1 0.75692308 0.26301370 0.04376068 0.05479452
1 0.92102564 0.26849315 0.04376068 0.05479452
1 0.60376068 0.95890411 0.04376068 0.06027397
1 0.59282051 0.26301370 0.07658120 0.07123288
1 0.20991453 0.25753425 0.06564103 0.08219178
1 0.70769231 0.61917808 0.07658120 0.08219178
1 0.96478632 0.95890411 0.06017094 0.07671233
1 0.02564103 0.59726027 0.05128205 0.10410959
