1 0.57504274 0.04383562 0.14769231 0.08767123
1 0.23042735 0.71780822 0.14769231 0.07671233
1 0.71726496 0.74520548 0.27897436 0.10410959
1 0.43282051 0.73972603 0.10940171 0.08767123
1 0.63521368 0.40000000 0.11487179 0.09315068
1 0.94700855 0.75616438 0.08205128 0.08767123
1 0.70632479 0.04931507 0.05470085 0.05479452
1 0.94153846 0.05479452 0.10393162 0.07123288
1 0.01811966 0.02054795 0.03623932 0.04109589
1 0.21948718 0.37260274 0.09846154 0.04383562
1 0.87042735 0.40000000 0.08752137 0.08767123
1 0.07179487 0.72328767 0.04923077 0.07123288
