1 0.05470085 0.22465753 0.08205128 0.08219178
1 0.16410256 0.23013699 0.10393162 0.09315068
1 0.29538462 0.95616438 0.11487179 0.08767123
1 0.18598291 0.96164384 0.09846154 0.07671233
1 0.29538462 0.57534247 0.08752137 0.09315068
1 0.47042735 0.58082192 0.08752137 0.09863014
1 0.04376068 0.96164384 0.06017094 0.07671233
1 0.11487179 0.59178082 0.10393162 0.09863014
1 0.49777778 0.95205479 0.11487179 0.09589041
1 0.67829060 0.94246575 0.14222222 0.11506849
1 0.66188034 0.21369863 0.18598291 0.14246575
