1 0.88170940 0.44383562 0.06564103 0.10958904
1 0.96410256 0.46027397 0.07179487 0.10410959
1 0.99829060 0.83287671 0.00341880 0.10410959
1 0.42222222 0.00410959 0.09846154 0.00821918
1 0.55897436 0.02328767 0.11487179 0.04657534
1 0.08307692 0.58082192 0.10940171 0.10410959
1 0.89264957 0.80000000 0.10940171 0.11506849
1 0.61914530 0.35068493 0.16410256 0.11506849
1 0.68478632 0.73424658 0.22427350 0.13698630
1 0.36205128 0.65753425 0.18051282 0.12054795
1 0.83794872 0.07671233 0.21880342 0.13698630
1 0.29094017 0.27397260 0.07111111 0.10958904
1 0.37299145 0.29041096 0.06017094 0.08767123
1 0.65743590 0.03561644 0.09299145 0.07123288
1 0.42769231 0.99178082 0.16957265 0.01643836
1 0.18700855 0.97671233 0.08205128 0.04657534
1 0.05572650 0.20821918 0.06017094 0.11506849
1 0.13777778 0.23561644 0.08752137 0.08767123
1 0.47692308 0.30684932 0.07111111 0.09863014
