1 0.92547009 0.45479452 0.09299145 0.09315068
1 0.80512821 0.09863014 0.06017094 0.09863014
1 0.90358974 0.08767123 0.08752137 0.10410959
1 0.90905983 0.81095890 0.06017094 0.08219178
1 0.17606838 0.49315068 0.08205128 0.08767123
1 0.52615385 0.46575342 0.06564103 0.08767123
1 0.42769231 0.11506849 0.07658120 0.09315068
1 0.52068376 0.81643836 0.08205128 0.08767123
1 0.05025641 0.50958904 0.08205128 0.09315068
1 0.15965812 0.13698630 0.22427350 0.12054795
1 0.76683761 0.47123288 0.15863248 0.10958904
1 0.34564103 0.49863014 0.19692308 0.07123288
1 0.64102564 0.10410959 0.20239316 0.10958904
1 0.19247863 0.86027397 0.05470085 0.06575342
1 0.30735043 0.84383562 0.12581197 0.08219178
