1 0.036752 0.930365 0.070085 0.121005
1 0.146154 0.936073 0.114530 0.114155
1 0.462393 0.913242 0.213675 0.132420
1 0.276923 0.930365 0.099145 0.125571
1 0.566667 0.541096 0.442735 0.118721
1 0.698291 0.173516 0.278632 0.136986
1 0.071795 0.208904 0.136752 0.098174
1 0.457265 0.180365 0.121368 0.136986
1 0.129060 0.568493 0.141880 0.118721
1 0.719658 0.902968 0.147009 0.157534
1 0.957265 0.158676 0.085470 0.148402
1 0.260684 0.207763 0.169231 0.136986
1 0.969231 0.521689 0.061538 0.139269
1 0.958120 0.902968 0.083761 0.130137
