1 0.24581197 0.08219178 0.04923077 0.06575342
1 0.48102564 0.43287671 0.08205128 0.10410959
1 0.38256410 0.07123288 0.06564103 0.08767123
1 0.19658120 0.75068493 0.07111111 0.09315068
1 0.37162393 0.42739726 0.08205128 0.10958904
1 0.14735043 0.07123288 0.08205128 0.08767123
1 0.50290598 0.07123288 0.08752137 0.10958904
1 0.57948718 0.42191781 0.08752137 0.12054795
1 0.06529915 0.41643836 0.09846154 0.12054795
1 0.46461538 0.73972603 0.13128205 0.13698630
1 0.84205128 0.75068493 0.13128205 0.13150685
