1 0.88581197 0.27397260 0.04376068 0.07123288
1 0.16376068 0.25205479 0.06017094 0.09863014
1 0.15829060 0.63561644 0.04923077 0.07671233
1 0.59589744 0.96712329 0.09846154 0.06575342
1 0.97025641 0.66301370 0.05948718 0.11506849
1 0.32786325 0.25205479 0.16957265 0.13150685
1 0.77641026 0.64109589 0.16410256 0.12054795
1 0.47008547 0.96301370 0.12034188 0.07397260
1 0.10905983 0.96438356 0.09299145 0.07123288
1 0.83658120 0.97260274 0.25709402 0.05479452
1 0.73811966 0.25205479 0.16957265 0.16438356
