1 0.05025641 0.06575342 0.06564103 0.08219178
1 0.17606838 0.77808219 0.09299145 0.09315068
1 0.92547009 0.03287671 0.06564103 0.06027397
1 0.37846154 0.03835616 0.08752137 0.07671233
1 0.69572650 0.03835616 0.07111111 0.05479452
1 0.20341880 0.41643836 0.07658120 0.09863014
1 0.55350427 0.03835616 0.09846154 0.07671233
1 0.79418803 0.73972603 0.07658120 0.09315068
1 0.02786325 0.78356164 0.05572650 0.11506849
0 0.54256410 0.37808219 0.09846154 0.15342466
1 0.07760684 0.42739726 0.10940171 0.12054795
