1 0.96905983 0.53424658 0.06188034 0.07671233
1 0.02735043 0.49041096 0.04376068 0.07123288
1 0.31726496 0.85753425 0.07111111 0.09315068
1 0.16410256 0.49041096 0.07111111 0.08219178
1 0.42666667 0.85205479 0.08205128 0.09863014
1 0.04376068 0.84657534 0.07658120 0.13698630
1 0.24068376 0.12328767 0.08205128 0.08219178
1 0.97042735 0.87945205 0.05914530 0.08219178
1 0.59076923 0.14520548 0.09299145 0.09315068
1 0.55247863 0.85205479 0.08752137 0.10410959
1 0.73299145 0.15068493 0.09299145 0.12054795
1 0.93538462 0.17260274 0.10940171 0.11506849
1 0.80410256 0.52876712 0.18598291 0.12054795
1 0.52512821 0.52876712 0.12034188 0.13698630
