1 0.90803419 0.80273973 0.18393162 0.13698630
1 0.27452991 0.09589041 0.14769231 0.12054795
1 0.07760684 0.07397260 0.14769231 0.13150685
1 0.93538462 0.47945205 0.12923077 0.13698630
1 0.66837607 0.78630137 0.17504274 0.13150685
1 0.22529915 0.43013699 0.16957265 0.09863014
1 0.27452991 0.76438356 0.54700855 0.14246575
1 0.55350427 0.43561644 0.37196581 0.09863014
1 0.40034188 0.10684932 0.06017094 0.10410959
1 0.75623932 0.13424658 0.48752137 0.12602740
1 0.82153846 0.46849315 0.06017094 0.10958904
