1 0.17367521 0.85753425 0.07111111 0.10410959
1 0.29401709 0.88493151 0.07658120 0.08767123
1 0.48547009 0.57808219 0.08205128 0.08219178
1 0.78632479 0.64931507 0.08752137 0.09863014
1 0.62769231 0.95616438 0.11487179 0.08767123
1 0.46358974 0.93424658 0.08205128 0.11506849
1 0.05333333 0.83561644 0.08205128 0.13150685
1 0.27760684 0.15068493 0.12581197 0.14246575
1 0.10256410 0.47397260 0.20239316 0.14246575
1 0.50735043 0.21095890 0.24068376 0.14246575
1 0.10256410 0.10136986 0.15863248 0.13698630
1 0.76444444 0.27123288 0.16957265 0.12054795
1 0.29401709 0.52328767 0.14222222 0.15342466
