1 0.05982906 0.02876712 0.07111111 0.05753425
1 0.87863248 0.92054795 0.24273504 0.14794521
1 0.76000000 0.08219178 0.10393162 0.10958904
1 0.45914530 0.48767123 0.38837607 0.15342466
1 0.61230769 0.08767123 0.12034188 0.14246575
1 0.15829060 0.88219178 0.14222222 0.17534247
1 0.18564103 0.05205479 0.10940171 0.10410959
1 0.06410256 0.44383562 0.12820513 0.13698630
1 0.54119658 0.90410959 0.14222222 0.17534247
1 0.84034188 0.51506849 0.31931624 0.15342466
1 0.38803419 0.06027397 0.20239316 0.12054795
