1 0.07658120 0.29589041 0.10393162 0.11506849
1 0.25709402 0.31780822 0.15863248 0.14794521
1 0.08752137 0.63013699 0.17504274 0.13698630
1 0.70564103 0.03424658 0.13675214 0.06849315
1 0.24068376 0.95068493 0.21880342 0.09863014
1 0.95264957 0.38904110 0.09470085 0.12602740
1 0.93760684 0.70684932 0.12478632 0.15342466
1 0.61264957 0.67945205 0.22974359 0.17534247
1 0.90256410 0.03835616 0.10940171 0.07671233
1 0.53059829 0.32876712 0.17504274 0.16438356
1 0.35555556 0.03150685 0.30085470 0.06301370
1 0.72205128 0.96986301 0.49777778 0.06027397
1 0.58529915 0.02328767 0.05470085 0.04657534
1 0.04376068 0.94657534 0.07658120 0.10684932
1 0.21333333 0.64109589 0.06017094 0.11506849
