1 0.90871795 0.34520548 0.12581197 0.11506849
1 0.48752137 0.33424658 0.20239316 0.12054795
1 0.94700855 0.70684932 0.10393162 0.13698630
1 0.54769231 0.69589041 0.16957265 0.13150685
1 0.08786325 0.01643836 0.17572650 0.03287671
1 0.07179487 0.33972603 0.10393162 0.10410959
1 0.24136752 0.33972603 0.08752137 0.13150685
1 0.75008547 0.03424658 0.39384615 0.06849315
1 0.37264957 0.03287671 0.07658120 0.06575342
1 0.70632479 0.70684932 0.10393162 0.11506849
1 0.14837607 0.97945205 0.09846154 0.04109589
1 0.20854701 0.01095890 0.03829060 0.02191781
1 0.70085470 0.34520548 0.08205128 0.09863014
