1 0.37059829 0.27945205 0.06564103 0.09863014
1 0.55111111 0.97945205 0.06564103 0.04109589
1 0.41982906 0.97260274 0.16410256 0.05479452
1 0.10256410 0.97671233 0.08752137 0.04657534
1 0.22837607 0.97808219 0.08752137 0.04383562
1 0.66051282 0.97534247 0.08205128 0.04931507
1 0.86290598 0.27397260 0.14222222 0.11506849
1 0.82461538 0.96986301 0.18051282 0.06027397
1 0.66051282 0.27397260 0.08752137 0.12054795
1 0.10803419 0.27945205 0.09846154 0.13698630
1 0.48000000 0.26849315 0.10393162 0.15890411
