1 0.13333333 0.32054795 0.05470085 0.06575342
1 0.39589744 0.97397260 0.07658120 0.05205479
1 0.01196581 0.32054795 0.02393162 0.06575342
1 0.83897436 0.96301370 0.06017094 0.07397260
1 0.44512821 0.63835616 0.12034188 0.13150685
1 0.87179487 0.25479452 0.06017094 0.08219178
1 0.08410256 0.66575342 0.06017094 0.08219178
1 0.69675214 0.26575342 0.13675214 0.08219178
1 0.19350427 0.97397260 0.12034188 0.05205479
1 0.19897436 0.66575342 0.05470085 0.07671233
1 0.27555556 0.66027397 0.04923077 0.07671233
1 0.53811966 0.64383562 0.04923077 0.07123288
