1 0.36410256 0.58630137 0.08752137 0.13150685
1 0.91589744 0.63561644 0.16820513 0.12602740
1 0.79076923 0.95342466 0.09846154 0.09315068
1 0.12888889 0.24109589 0.07658120 0.11506849
1 0.55008547 0.93698630 0.19145299 0.12054795
1 0.29299145 0.58082192 0.14222222 0.13150685
1 0.24376068 0.25753425 0.07658120 0.13698630
1 0.11794872 0.58630137 0.07111111 0.09863014
1 0.04119658 0.93150685 0.08239316 0.13698630
1 0.02068376 0.57534247 0.04136752 0.12054795
1 0.22735043 0.92602740 0.13675214 0.13150685
1 0.75247863 0.63561644 0.06017094 0.06575342
