1 0.23829060 0.16438356 0.07111111 0.09863014
1 0.96376068 0.34520548 0.07247863 0.12602740
1 0.91589744 0.03561644 0.16820513 0.07123288
1 0.85094017 0.31780822 0.09846154 0.12602740
1 0.28752137 0.90958904 0.09299145 0.10958904
1 0.58290598 0.96301370 0.19692308 0.07397260
1 0.70324786 0.65753425 0.15863248 0.15890411
1 0.20547009 0.53150685 0.14222222 0.14794521
1 0.91452991 0.72328767 0.17094017 0.18630137
1 0.48444444 0.59726027 0.20786325 0.15890411
1 0.04393162 0.81643836 0.08786325 0.15890411
1 0.66495726 0.26849315 0.12034188 0.12054795
1 0.80717949 0.97671233 0.20786325 0.04657534
1 0.34769231 0.19726027 0.06017094 0.08219178
