1 0.95948718 0.36164384 0.08102564 0.12602740
1 0.60717949 0.64657534 0.14222222 0.14246575
1 0.37196581 0.64109589 0.37743590 0.14794521
1 0.06564103 0.60273973 0.10940171 0.10958904
1 0.13128205 0.29589041 0.25709402 0.17534247
1 0.95128205 0.97534247 0.09743590 0.04931507
1 0.95948718 0.69041096 0.08102564 0.16438356
1 0.38290598 0.95068493 0.28444444 0.09863014
1 0.82051282 0.04109589 0.11487179 0.08219178
1 0.69470085 0.95753425 0.26803419 0.08493151
1 0.78769231 0.35068493 0.14769231 0.12602740
1 0.49230769 0.32876712 0.35008547 0.17534247
