0 0.35128232 0.02625666 0.07008711 0.05251332
0 0.32991311 0.13013392 0.08205303 0.12328679
0 0.44187744 0.14726137 0.05982961 0.08447299
0 0.49999863 0.09589304 0.03248093 0.05479101
0 0.76581153 0.24657534 0.09914421 0.11872088
0 0.90940258 0.02625666 0.06495486 0.05251332
0 0.97777718 0.02397195 0.04444565 0.04794389
0 0.97863314 0.11301348 0.04273373 0.06620932
0 0.55299457 0.54680373 0.04957210 0.05251156
0 0.59914284 0.45890104 0.03248093 0.05022510
0 0.69743283 0.42123047 0.05469735 0.08447299
0 0.73675443 0.45662159 0.03077251 0.04109326
0 0.83419022 0.39383496 0.05812119 0.05707748
0 0.87521324 0.46461019 0.06837869 0.09360482
0 0.67863324 0.59702882 0.07862920 0.08447299
0 0.69572442 0.94406444 0.13675039 0.11187112
