0 0.72820392 0.87899748 0.21196275 0.24200504
0 0.51794959 0.67008877 0.14017422 0.40410827
0 0.31879997 0.15182553 0.14529947 0.26712373
0 0.38119921 0.35959233 0.09572737 0.14840285
0 0.34700986 0.66780932 0.15726539 0.23059638
0 0.31623735 0.91780603 0.12307605 0.16438795
0 0.50085142 0.11644142 0.12307605 0.21004625
0 0.50512946 0.34246488 0.13162514 0.20548033
0 0.62478868 0.30593753 0.10769329 0.16895299
0 0.90940116 0.13927101 0.17435657 0.24200767
0 0.83589722 0.30593753 0.21196275 0.28767386
0 0.69658421 0.70775934 0.05982961 0.09132537
0 0.75042735 0.55593381 0.07179553 0.11187551
0 0.91196379 0.60160000 0.14188264 0.25342597
