1 0.13094017 0.89863014 0.06564103 0.08219178
1 0.11452991 0.55342466 0.06017094 0.12054795
1 0.21299145 0.55890411 0.07111111 0.09315068
1 0.70529915 0.57534247 0.17504274 0.14246575
1 0.90871795 0.23561644 0.18256410 0.13698630
1 0.38803419 0.55342466 0.17504274 0.12602740
1 0.28410256 0.21917808 0.43213675 0.12054795
1 0.28957265 0.89863014 0.17504274 0.10958904
1 0.62324786 0.23013699 0.18598291 0.13698630
1 0.88547009 0.92054795 0.22905983 0.13698630
1 0.55760684 0.90958904 0.31179487 0.13698630
1 0.90769231 0.57534247 0.17504274 0.13698630
1 0.78188034 0.24109589 0.07111111 0.10958904
1 0.02307692 0.55890411 0.04615385 0.04383562
1 0.51384615 0.58082192 0.05470085 0.08219178
