0 0.882051 0.021689 0.047863 0.038813
0 0.872650 0.106164 0.076923 0.075342
0 0.818803 0.272831 0.051282 0.084475
0 0.939316 0.224886 0.039316 0.043379
0 0.675214 0.539954 0.058120 0.079909
0 0.977778 0.877854 0.041026 0.066210
0 0.860684 0.845890 0.080342 0.070776
0 0.782906 0.759132 0.051282 0.047945
0 0.747863 0.820776 0.070085 0.061644
0 0.847863 0.691781 0.058120 0.059361
0 0.600855 0.172374 0.052991 0.070776
0 0.948718 0.385845 0.041026 0.132420
0 0.849573 0.377854 0.085470 0.070776
0 0.741880 0.541096 0.044444 0.054795
0 0.883761 0.955479 0.051282 0.070776
0 0.672650 0.786530 0.042735 0.043379
