1 0.40683761 0.06027397 0.10940171 0.09315068
1 0.81162393 0.41095890 0.16410256 0.14794521
1 0.14974359 0.07671233 0.25162393 0.08767123
1 0.10051282 0.44383562 0.10940171 0.07671233
1 0.23726496 0.42191781 0.04376068 0.06027397
1 0.39042735 0.41643836 0.18598291 0.09863014
1 0.58188034 0.06575342 0.13675214 0.08767123
1 0.11145299 0.78904110 0.14769231 0.12602740
1 0.30290598 0.77808219 0.10940171 0.08767123
1 0.44512821 0.77808219 0.10940171 0.10410959
1 0.64205128 0.76164384 0.09299145 0.09863014
1 0.83897436 0.76712329 0.19145299 0.09863014
1 0.54358974 0.41643836 0.07111111 0.07671233
1 0.95931624 0.06575342 0.06564103 0.06027397
1 0.70222222 0.06575342 0.06017094 0.08219178
1 0.80615385 0.06575342 0.04923077 0.05479452
