1 0.50393162 0.10410959 0.11487179 0.08219178
1 0.95247863 0.50958904 0.08205128 0.10410959
1 0.35076923 0.47123288 0.15863248 0.08767123
1 0.04410256 0.81095890 0.08820513 0.12054795
1 0.26871795 0.81095890 0.22974359 0.10410959
1 0.14837607 0.09863014 0.18051282 0.08767123
1 0.77743590 0.48767123 0.15863248 0.08219178
1 0.08820513 0.45479452 0.12581197 0.09315068
1 0.51487179 0.82191781 0.16957265 0.10958904
1 0.80478632 0.84383562 0.27350427 0.09863014
1 0.83760684 0.13698630 0.30085470 0.12054795
1 0.56410256 0.48219178 0.17504274 0.09315068
