1 0.03282051 0.80547945 0.06564103 0.12602740
1 0.13675214 0.81643836 0.12581197 0.10958904
1 0.06564103 0.41643836 0.12034188 0.13698630
1 0.60170940 0.87123288 0.25709402 0.13698630
1 0.33914530 0.83835616 0.13675214 0.14246575
1 0.45401709 0.05205479 0.13128205 0.10410959
1 0.31179487 0.44383562 0.27897436 0.15890411
1 0.75487179 0.05753425 0.14769231 0.11506849
1 0.85333333 0.87123288 0.14769231 0.13150685
1 0.66735043 0.46027397 0.29538462 0.14794521
1 0.07658120 0.04520548 0.15316239 0.09041096
1 0.94034188 0.47123288 0.11931624 0.14246575
