1 0.87076923 0.54794521 0.04923077 0.08767123
1 0.97094017 0.54246575 0.05811966 0.08219178
1 0.22529915 0.58082192 0.07111111 0.09863014
1 0.32923077 0.56438356 0.07658120 0.08219178
1 0.92547009 0.89315068 0.05470085 0.08219178
1 0.84888889 0.18630137 0.06017094 0.09315068
1 0.18153846 0.92602740 0.06564103 0.08767123
1 0.66837607 0.90958904 0.10940171 0.08767123
1 0.06666667 0.94794521 0.08205128 0.07123288
1 0.32923077 0.92602740 0.15863248 0.08767123
1 0.06666667 0.57534247 0.09846154 0.12054795
1 0.82153846 0.90410959 0.08205128 0.09863014
1 0.54803419 0.19178082 0.08752137 0.12602740
1 0.51521368 0.92602740 0.06564103 0.08767123
1 0.33470085 0.21369863 0.16410256 0.10410959
1 0.10495726 0.22465753 0.20786325 0.12602740
1 0.41675214 0.57534247 0.07111111 0.12054795
1 0.59179487 0.56986301 0.14222222 0.07671233
