1 0.56991453 0.44931507 0.15316239 0.13150685
1 0.15965812 0.41643836 0.07658120 0.09863014
1 0.89162393 0.13698630 0.21675214 0.15342466
1 0.41675214 0.09863014 0.12581197 0.12054795
1 0.17059829 0.74520548 0.20239316 0.14246575
1 0.92991453 0.48219178 0.14017094 0.11506849
1 0.65743590 0.79452055 0.67829060 0.16438356
1 0.16598291 0.07123288 0.33196581 0.14246575
1 0.64649573 0.12602740 0.21333333 0.12054795
1 0.70119658 0.46027397 0.08205128 0.10410959
1 0.27452991 0.40547945 0.06017094 0.07123288
