1 0.11794872 0.24657534 0.07658120 0.12602740
1 0.17264957 0.61917808 0.09299145 0.12054795
1 0.06444444 0.95753425 0.12888889 0.08493151
1 0.92205128 0.43835616 0.09846154 0.13698630
1 0.02888889 0.59178082 0.05777778 0.14246575
1 0.34769231 0.28493151 0.13128205 0.13698630
1 0.65948718 0.36712329 0.20786325 0.18082192
1 0.46256410 0.70136986 0.14769231 0.16986301
1 0.93777778 0.83835616 0.12444444 0.16438356
1 0.33675214 0.98630137 0.15863248 0.02739726
1 0.72512821 0.76164384 0.21333333 0.17534247
1 0.71965812 0.05479452 0.15316239 0.10410959
