1 0.49982906 0.55068493 0.14769231 0.13150685
1 0.63658120 0.94520548 0.06017094 0.08767123
1 0.20444444 0.88493151 0.10940171 0.08767123
1 0.00239316 0.84109589 0.00478632 0.12602740
1 0.31931624 0.52876712 0.19692308 0.15342466
1 0.86632479 0.96438356 0.09299145 0.07123288
1 0.09675214 0.12328767 0.19350427 0.12602740
1 0.98376068 0.65479452 0.03247863 0.15890411
1 0.41230769 0.91232877 0.13128205 0.12054795
1 0.04752137 0.47945205 0.09504274 0.14794521
1 0.75692308 0.58904110 0.26803419 0.14246575
1 0.93196581 0.25479452 0.07111111 0.13698630
