1 0.01555556 0.53424658 0.03111111 0.07671233
1 0.24717949 0.55068493 0.08205128 0.09863014
1 0.14871795 0.89041096 0.07658120 0.10410959
1 0.45504274 0.90684932 0.09299145 0.09863014
1 0.69572650 0.90684932 0.08752137 0.09863014
1 0.57538462 0.57260274 0.07111111 0.08767123
1 0.12136752 0.56164384 0.09846154 0.11506849
1 0.29094017 0.18356164 0.11487179 0.12054795
1 0.78871795 0.57808219 0.09846154 0.13150685
1 0.42222222 0.19452055 0.08752137 0.12602740
1 0.82153846 0.22739726 0.14769231 0.15890411
