1 0.053846 0.715753 0.063248 0.098174
1 0.386325 0.883562 0.088889 0.105023
1 0.413675 0.495434 0.082051 0.082192
1 0.840171 0.916667 0.087179 0.075342
1 0.495726 0.894977 0.071795 0.091324
1 0.511966 0.489726 0.104274 0.098174
1 0.167521 0.691781 0.092308 0.105023
1 0.462393 0.495434 0.196581 0.114155
1 0.375214 0.703196 0.124786 0.100457
1 0.288034 0.484018 0.087179 0.100457
1 0.730769 0.505708 0.070085 0.102740
1 0.952991 0.708904 0.090598 0.093607
1 0.872650 0.527397 0.121368 0.086758
1 0.785470 0.713470 0.114530 0.102740
1 0.727350 0.912100 0.063248 0.075342
1 0.178632 0.049087 0.258120 0.093607
1 0.779487 0.077626 0.300855 0.132420
1 0.039316 0.440639 0.075214 0.168950
1 0.204274 0.882420 0.063248 0.066210
1 0.967521 0.936073 0.054701 0.095890
