1 0.20854701 0.95068493 0.03829060 0.06575342
1 0.52034188 0.16164384 0.07658120 0.09863014
1 0.75008547 0.15616438 0.06564103 0.08219178
1 0.96888889 0.91232877 0.05470085 0.07123288
1 0.04991453 0.20000000 0.06564103 0.09315068
1 0.59692308 0.92328767 0.05470085 0.06575342
1 0.19760684 0.18904110 0.09299145 0.09863014
1 0.32888889 0.56164384 0.09299145 0.10410959
1 0.66256410 0.55616438 0.07111111 0.08767123
1 0.09914530 0.94246575 0.09299145 0.11506849
1 0.75008547 0.91780822 0.08752137 0.07671233
1 0.38905983 0.92328767 0.07658120 0.08219178
1 0.46564103 0.54520548 0.09299145 0.09863014
1 0.41641026 0.16164384 0.12034188 0.13150685
1 0.92512821 0.14520548 0.13675214 0.12054795
