0 0.27897436 0.29863014 0.06564103 0.07671233
0 0.70017094 0.47397260 0.07111111 0.09863014
0 0.62358974 0.23287671 0.07658120 0.15890411
0 0.14769231 0.72054795 0.07111111 0.10410959
0 0.14769231 0.57808219 0.09846154 0.10958904
0 0.05470085 0.67123288 0.09299145 0.16986301
0 0.50871795 0.73698630 0.08205128 0.10958904
0 0.43760684 0.52876712 0.13675214 0.27397260
0 0.06564103 0.07397260 0.11487179 0.14794521
0 0.26256410 0.45205479 0.08205128 0.19178082
0 0.39384615 0.92328767 0.04376068 0.06575342
0 0.78769231 0.09589041 0.08205128 0.14794521
