1 0.36512821 0.95342466 0.52512821 0.09315068
1 0.38153846 0.55342466 0.12034188 0.13150685
1 0.02256410 0.10410959 0.04512821 0.12602740
1 0.83008547 0.95342466 0.28444444 0.09315068
1 0.93692308 0.59726027 0.12615385 0.15342466
1 0.44170940 0.14794521 0.48136752 0.13698630
1 0.60581197 0.55342466 0.19145299 0.18630137
1 0.92188034 0.18082192 0.15623932 0.14794521
1 0.01846154 0.93013699 0.03692308 0.13972603
1 0.13333333 0.53150685 0.26666667 0.14246575
1 0.11350427 0.11506849 0.08752137 0.10958904
1 0.81914530 0.58630137 0.06017094 0.13150685
1 0.75897436 0.16986301 0.07658120 0.12054795
