1 0.24581197 0.67671233 0.08752137 0.08767123
1 0.26769231 0.33150685 0.06564103 0.08219178
1 0.39897436 0.03424658 0.13128205 0.06849315
1 0.10905983 0.66575342 0.07111111 0.08767123
1 0.92786325 0.05753425 0.14427350 0.11506849
1 0.58495726 0.04931507 0.15316239 0.09863014
1 0.91863248 0.39726027 0.12034188 0.10410959
1 0.76000000 0.72054795 0.13675214 0.12054795
1 0.71076923 0.37534247 0.11487179 0.10958904
1 0.16376068 0.02876712 0.26256410 0.05753425
1 0.54666667 0.70410959 0.15316239 0.12054795
