1 0.24273504 0.13698630 0.05470085 0.06027397
1 0.85538462 0.84931507 0.06564103 0.07123288
1 0.67487179 0.86027397 0.06564103 0.07671233
1 0.83897436 0.46027397 0.04923077 0.06575342
1 0.51623932 0.49863014 0.06017094 0.10410959
1 0.41777778 0.48219178 0.07658120 0.09863014
1 0.83897436 0.09863014 0.08205128 0.11506849
1 0.68581197 0.47671233 0.17504274 0.10958904
1 0.36854701 0.11506849 0.12034188 0.11506849
1 0.29196581 0.49315068 0.08205128 0.11506849
1 0.46700855 0.86575342 0.11487179 0.16438356
1 0.18256410 0.87671233 0.13128205 0.16438356
1 0.56000000 0.10958904 0.15863248 0.13698630
1 0.07897436 0.52054795 0.15794872 0.12602740
