1 0.03179487 0.74246575 0.06358974 0.09315068
1 0.23042735 0.75342466 0.08205128 0.09863014
1 0.45470085 0.43013699 0.12034188 0.09863014
1 0.02632479 0.40273973 0.05264957 0.09863014
1 0.14837607 0.05753425 0.16957265 0.07671233
1 0.39452991 0.76986301 0.13128205 0.09863014
1 0.75008547 0.44657534 0.33367521 0.11506849
1 0.23589744 0.41369863 0.12034188 0.10958904
1 0.63521368 0.78082192 0.18051282 0.10958904
1 0.89145299 0.79178082 0.21709402 0.09863014
1 0.02769231 0.05205479 0.05538462 0.07123288
1 0.75008547 0.11232877 0.33367521 0.08767123
1 0.29606838 0.05753425 0.04376068 0.06027397
1 0.43282051 0.07397260 0.13675214 0.06027397
