1 0.33777778 0.44109589 0.09846154 0.14246575
1 0.00068376 0.74794521 0.00136752 0.13150685
1 0.39247863 0.04794521 0.09846154 0.09589041
1 0.96974359 0.12876712 0.06051282 0.12054795
1 0.62222222 0.06301370 0.09846154 0.09863014
1 0.18461538 0.42465753 0.14222222 0.17534247
1 0.12444444 0.03013699 0.09846154 0.06027397
1 0.84102564 0.50136986 0.13675214 0.12054795
1 0.37059829 0.82465753 0.40478632 0.13150685
1 0.03623932 0.38630137 0.07247863 0.14246575
1 0.06974359 0.76986301 0.10393162 0.11506849
1 0.80273504 0.86849315 0.11487179 0.07671233
