1 0.16170940 0.15342466 0.11487179 0.10958904
1 0.65948718 0.86575342 0.08752137 0.09315068
1 0.95555556 0.89863014 0.08888889 0.13150685
1 0.02068376 0.12602740 0.04136752 0.10410959
1 0.08512821 0.81643836 0.08205128 0.11506849
1 0.88376068 0.55342466 0.08752137 0.10958904
1 0.97880342 0.55342466 0.04239316 0.12602740
1 0.21641026 0.83287671 0.09299145 0.12054795
1 0.74153846 0.52602740 0.10940171 0.10958904
1 0.76957265 0.18082192 0.46085470 0.11506849
1 0.77982906 0.88767123 0.08752137 0.09863014
1 0.61025641 0.54246575 0.07111111 0.10410959
1 0.36410256 0.15890411 0.22427350 0.10958904
1 0.07811966 0.46575342 0.15623932 0.13150685
1 0.34222222 0.48767123 0.17504274 0.13150685
1 0.41333333 0.86027397 0.05470085 0.08767123
