1 0.915385 0.761416 0.059829 0.066210
1 0.121368 0.448630 0.071795 0.075342
1 0.816239 0.404110 0.049573 0.073059
1 0.230769 0.437215 0.064957 0.070776
1 0.082906 0.799087 0.066667 0.105023
1 0.608547 0.415525 0.064957 0.073059
1 0.052137 0.081050 0.100855 0.089041
1 0.182051 0.085616 0.059829 0.066210
1 0.301709 0.063927 0.039316 0.059361
1 0.373504 0.075342 0.049573 0.077626
1 0.471795 0.065068 0.044444 0.070776
1 0.683761 0.792237 0.064957 0.073059
1 0.617949 0.786530 0.029060 0.052511
1 0.540171 0.065068 0.044444 0.070776
1 0.656410 0.058219 0.044444 0.070776
1 0.707692 0.046804 0.044444 0.070776
1 0.755556 0.042237 0.044444 0.070776
1 0.820513 0.054795 0.030769 0.059361
