1 0.07777778 0.06164384 0.15555556 0.12328767
1 0.57948718 0.90410959 0.16410256 0.12602740
1 0.77880342 0.08767123 0.44239316 0.13698630
1 0.01076923 0.84931507 0.02153846 0.15342466
1 0.46461538 0.48767123 0.30632479 0.13698630
1 0.43726496 0.07397260 0.15316239 0.14794521
1 0.20752137 0.87123288 0.28444444 0.13150685
1 0.07777778 0.44383562 0.15555556 0.14794521
1 0.83111111 0.52602740 0.32273504 0.10958904
1 0.78188034 0.91506849 0.12034188 0.10958904
1 0.92410256 0.92054795 0.07111111 0.09863014
1 0.42085470 0.89315068 0.09846154 0.14246575
