1 0.72410256 0.49041096 0.07111111 0.08767123
1 0.68034188 0.15068493 0.07111111 0.08219178
1 0.59282051 0.15068493 0.06017094 0.09863014
1 0.29743590 0.46849315 0.08205128 0.09315068
1 0.42871795 0.48493151 0.10940171 0.11506849
1 0.96051282 0.50684932 0.07897436 0.13150685
1 0.82803419 0.50684932 0.08205128 0.09863014
1 0.02700855 0.44657534 0.05401709 0.13150685
1 0.56547009 0.49041096 0.06564103 0.09863014
1 0.05435897 0.10684932 0.10871795 0.15342466
1 0.11145299 0.43561644 0.06017094 0.09315068
