1 0.87384615 0.24657534 0.07658120 0.13150685
1 0.90119658 0.62465753 0.09846154 0.13698630
1 0.01025641 0.04246575 0.02051282 0.08493151
1 0.17914530 0.42191781 0.12034188 0.16986301
1 0.97384615 0.94794521 0.05230769 0.09315068
1 0.10803419 0.05205479 0.09846154 0.10410959
1 0.34871795 0.46575342 0.10940171 0.13150685
1 0.04307692 0.75068493 0.08615385 0.14246575
1 0.46905983 0.13698630 0.12581197 0.13698630
1 0.72615385 0.18630137 0.09299145 0.12054795
1 0.39794872 0.82739726 0.04376068 0.10410959
1 0.55111111 0.88219178 0.12034188 0.14246575
1 0.71521368 0.55890411 0.14769231 0.11506849
