1 0.364957 0.308219 0.087179 0.114155
1 0.233333 0.308219 0.141880 0.082192
1 0.500855 0.319635 0.126496 0.100457
1 0.957265 0.368721 0.085470 0.116438
1 0.643590 0.036530 0.196581 0.068493
1 0.194872 0.636986 0.054701 0.091324
1 0.298291 0.625571 0.104274 0.132420
1 0.774359 0.347032 0.153846 0.100457
1 0.029915 0.947489 0.056410 0.105023
1 0.446154 0.652968 0.126496 0.114155
1 0.517949 0.962329 0.235897 0.075342
1 0.217094 0.949772 0.229060 0.100457
1 0.872650 0.037671 0.196581 0.070776
1 0.059829 0.291096 0.116239 0.125571
1 0.073504 0.636986 0.143590 0.109589
1 0.687179 0.687215 0.307692 0.082192
1 0.938462 0.691781 0.071795 0.086758
1 0.610256 0.341324 0.082051 0.125571
