1 0.73401709 0.19452055 0.10393162 0.09863014
1 0.65196581 0.91780822 0.07111111 0.11506849
1 0.12683761 0.80821918 0.07111111 0.08767123
1 0.76683761 0.95616438 0.06564103 0.08219178
1 0.00735043 0.01917808 0.01470085 0.03835616
1 0.10495726 0.03424658 0.08752137 0.06849315
1 0.86529915 0.22191781 0.09299145 0.08767123
1 0.53162393 0.16164384 0.08752137 0.10958904
1 0.28547009 0.08493151 0.20786325 0.11506849
1 0.02239316 0.75342466 0.04478632 0.10958904
1 0.33470085 0.47945205 0.22427350 0.13698630
1 0.77777778 0.59452055 0.17504274 0.13150685
1 0.92717949 0.96164384 0.14564103 0.07671233
1 0.97367521 0.65479452 0.05264957 0.15342466
1 0.12136752 0.39726027 0.06564103 0.09315068
1 0.42769231 0.85753425 0.05470085 0.06027397
