1 0.73401709 0.64931507 0.07111111 0.08767123
1 0.18700855 0.96849315 0.07111111 0.06301370
1 0.08307692 0.97260274 0.06564103 0.05479452
1 0.14324786 0.30958904 0.06017094 0.06575342
1 0.08854701 0.64931507 0.06564103 0.07671233
1 0.27452991 0.31506849 0.05470085 0.08767123
1 0.32923077 0.63835616 0.05470085 0.07671233
1 0.44957265 0.96164384 0.13128205 0.07671233
1 0.87076923 0.30410959 0.09846154 0.12054795
1 0.61367521 0.96438356 0.08752137 0.07123288
1 0.95316239 0.95068493 0.09367521 0.09863014
