0 0.14957287 0.05479540 0.29914574 0.10959079
0 0.59230731 0.22717195 0.38461790 0.43150378
0 0.97777625 0.17579660 0.04444751 0.12785271
0 0.73846099 0.97145995 0.09914421 0.05708011
0 0.75812179 0.73630334 0.05641277 0.06164340
0 0.80940231 0.66780756 0.07350395 0.06620932
0 0.85897441 0.72945096 0.11111013 0.06164340
0 0.91965823 0.83676055 0.03760618 0.07990707
0 0.98376271 0.96461326 0.03247458 0.05707748
0 0.09145403 0.25000153 0.10085262 0.12557326
0 0.85213374 0.38127693 0.07008711 0.10958904
