1 0.84461538 0.44931507 0.31076923 0.13698630
1 0.06564103 0.06575342 0.13128205 0.13150685
1 0.06564103 0.72876712 0.13128205 0.14246575
1 0.85880342 0.77260274 0.24068376 0.12602740
1 0.80410256 0.08219178 0.10393162 0.15342466
1 0.50871795 0.41643836 0.24068376 0.13150685
1 0.36649573 0.06849315 0.38290598 0.13698630
1 0.17504274 0.40547945 0.34461538 0.14246575
1 0.93897436 0.09863014 0.12205128 0.14794521
1 0.63452991 0.08219178 0.12581197 0.14794521
1 0.45948718 0.76164384 0.50324786 0.14246575
