1 0.911966 0.154110 0.172650 0.079909
1 0.048718 0.779680 0.059829 0.075342
1 0.575214 0.815068 0.131624 0.082192
1 0.709402 0.807078 0.082051 0.075342
1 0.682051 0.139269 0.218803 0.109589
1 0.851282 0.492009 0.191453 0.098174
1 0.441880 0.478311 0.121368 0.098174
1 0.660684 0.484018 0.138462 0.109589
1 0.458120 0.133562 0.147009 0.121005
1 0.401709 0.802511 0.102564 0.066210
1 0.830769 0.828767 0.092308 0.077626
1 0.194017 0.469178 0.271795 0.066210
1 0.297436 0.803653 0.058120 0.068493
1 0.970085 0.824201 0.059829 0.068493
1 0.161538 0.810502 0.059829 0.068493
