1 0.36649573 0.50410959 0.10393162 0.13150685
1 0.50871795 0.51506849 0.09846154 0.13150685
1 0.07111111 0.84931507 0.14222222 0.13698630
1 0.91897436 0.57534247 0.07658120 0.16986301
1 0.57435897 0.11506849 0.13128205 0.11506849
1 0.83692308 0.17534247 0.08205128 0.11506849
1 0.03282051 0.45479452 0.06564103 0.11506849
1 0.19692308 0.47123288 0.18598291 0.16438356
1 0.24068376 0.86575342 0.24615385 0.13150685
1 0.97589744 0.19178082 0.04820513 0.12054795
1 0.18598291 0.08219178 0.07658120 0.10410959
1 0.40478632 0.10958904 0.13675214 0.11506849
1 0.71658120 0.53150685 0.21880342 0.15342466
1 0.94307692 0.93561644 0.11384615 0.12876712
1 0.44854701 0.90958904 0.06017094 0.09315068
