1 0.04683761 0.83287671 0.06564103 0.07671233
1 0.34769231 0.18630137 0.06564103 0.08219178
1 0.20547009 0.50410959 0.06564103 0.06575342
1 0.86188034 0.20821918 0.07111111 0.09863014
1 0.52820513 0.53698630 0.08205128 0.08219178
1 0.34769231 0.52602740 0.06017094 0.07671233
1 0.12888889 0.16438356 0.06017094 0.07123288
1 0.40239316 0.87123288 0.07111111 0.10958904
1 0.96376068 0.56438356 0.07247863 0.14246575
1 0.66495726 0.20273973 0.07111111 0.10410959
1 0.80170940 0.53698630 0.12034188 0.11506849
1 0.86735043 0.89315068 0.20239316 0.14794521
