1 0.93863248 0.09863014 0.12273504 0.13698630
1 0.66393162 0.79452055 0.40478632 0.13698630
1 0.47794872 0.43835616 0.26256410 0.14794521
1 0.19897436 0.43287671 0.18598291 0.16438356
1 0.20991453 0.79452055 0.26256410 0.16986301
1 0.08444444 0.07671233 0.16888889 0.12054795
1 0.30837607 0.07671233 0.17504274 0.14794521
1 0.64205128 0.08767123 0.39931624 0.11506849
1 0.71316239 0.46027397 0.15863248 0.13698630
1 0.86085470 0.46575342 0.09299145 0.12602740
1 0.93743590 0.81643836 0.05470085 0.11506849
