1 0.94598291 0.87397260 0.10393162 0.12054795
1 0.36615385 0.47945205 0.06017094 0.08219178
1 0.47555556 0.84109589 0.15316239 0.08767123
1 0.68341880 0.51780822 0.13675214 0.10958904
1 0.90188034 0.53424658 0.19623932 0.10958904
1 0.59589744 0.15068493 0.38290598 0.10958904
1 0.02991453 0.80273973 0.05982906 0.10958904
1 0.85846154 0.18904110 0.12034188 0.10958904
1 0.18017094 0.13424658 0.21880342 0.10410959
1 0.10905983 0.81369863 0.05470085 0.07123288
1 0.26222222 0.82465753 0.17504274 0.09315068
1 0.67247863 0.86301370 0.20786325 0.08767123
1 0.11452991 0.49041096 0.06564103 0.06027397
