1 0.36752137 0.93698630 0.12034188 0.11506849
1 0.55897436 0.12054795 0.07658120 0.10410959
1 0.18700855 0.89315068 0.06017094 0.09863014
1 0.12683761 0.08219178 0.09846154 0.13150685
1 0.15418803 0.48767123 0.08752137 0.11506849
1 0.24717949 0.09863014 0.12034188 0.14246575
1 0.26905983 0.50410959 0.10393162 0.13698630
1 0.41128205 0.51506849 0.07658120 0.12054795
1 0.42769231 0.10410959 0.12581197 0.14794521
1 0.89811966 0.95890411 0.15316239 0.08219178
1 0.99008547 0.58082192 0.01982906 0.17534247
1 0.99145299 0.17534247 0.01709402 0.15890411
1 0.77777778 0.14794521 0.30085470 0.16986301
1 0.85982906 0.55890411 0.13675214 0.14246575
1 0.67931624 0.94794521 0.13128205 0.10410959
1 0.66290598 0.54246575 0.20786325 0.14794521
1 0.01145299 0.47123288 0.02290598 0.14246575
