1 0.423077 0.954338 0.124786 0.086758
1 0.100000 0.962329 0.114530 0.075342
1 0.227350 0.649543 0.266667 0.093607
1 0.746154 0.640411 0.141880 0.084475
1 0.040171 0.297945 0.076923 0.098174
1 0.888889 0.291096 0.119658 0.121005
1 0.374359 0.296804 0.164103 0.109589
1 0.620513 0.286530 0.208547 0.121005
1 0.527350 0.966895 0.066667 0.066210
1 0.609402 0.968037 0.066667 0.063927
1 0.466667 0.647260 0.109402 0.148402
1 0.570940 0.642694 0.037607 0.070776
1 0.749573 0.966895 0.104274 0.066210
1 0.871795 0.977169 0.075214 0.045662
1 0.220513 0.977169 0.054701 0.041096
1 0.916239 0.643836 0.054701 0.054795
1 0.248718 0.313927 0.076923 0.098174
