1 0.37846154 0.94657534 0.11487179 0.10684932
1 0.44957265 0.32328767 0.06564103 0.08767123
1 0.67931624 0.95342466 0.13128205 0.08767123
1 0.50427350 0.94794521 0.09846154 0.09315068
1 0.69572650 0.33972603 0.06564103 0.07123288
1 0.49880342 0.32328767 0.15863248 0.10958904
1 0.14547009 0.93013699 0.29094017 0.13972603
0 0.91452991 0.07671233 0.13128205 0.15342466
1 0.95863248 0.35616438 0.08273504 0.10410959
1 0.29641026 0.32876712 0.12034188 0.13698630
1 0.09350427 0.31232877 0.18700855 0.15342466
1 0.81606838 0.34520548 0.11487179 0.09863014
