1 0.95230769 0.19726027 0.09538462 0.17534247
1 0.88666667 0.19726027 0.22666667 0.18630137
1 0.50529915 0.89863014 0.07658120 0.13150685
1 0.61470085 0.54246575 0.08205128 0.12054795
1 0.70222222 0.88219178 0.09846154 0.13698630
1 0.55452991 0.18630137 0.24068376 0.16438356
1 0.07863248 0.18082192 0.11487179 0.13698630
1 0.16615385 0.87671233 0.12034188 0.15342466
1 0.87179487 0.89315068 0.13128205 0.17534247
1 0.29196581 0.18082192 0.10940171 0.15890411
1 0.91264957 0.54794521 0.17470085 0.20273973
1 0.39589744 0.54246575 0.27350427 0.15342466
