1 0.49538462 0.92054795 0.08752137 0.12054795
1 0.46803419 0.58082192 0.07658120 0.09863014
1 0.69777778 0.22465753 0.07111111 0.10958904
1 0.67042735 0.58630137 0.09299145 0.10958904
1 0.20000000 0.55342466 0.33367521 0.11506849
1 0.48991453 0.22465753 0.26803419 0.12054795
1 0.22188034 0.21369863 0.12034188 0.13698630
1 0.08512821 0.20273973 0.10940171 0.11506849
1 0.28205128 0.90410959 0.23521368 0.10958904
1 0.89401709 0.60821918 0.21196581 0.13150685
1 0.91863248 0.24109589 0.16273504 0.14794521
1 0.79692308 0.93698630 0.40615385 0.12602740
1 0.06581197 0.90410959 0.13162393 0.11506849
