1 0.39794872 0.20273973 0.08752137 0.12054795
1 0.49094017 0.23561644 0.10393162 0.13150685
1 0.07521368 0.49315068 0.08205128 0.14794521
1 0.02393162 0.10410959 0.04786325 0.12054795
1 0.38153846 0.58630137 0.12581197 0.14794521
1 0.27760684 0.17534247 0.08752137 0.12054795
1 0.21196581 0.50410959 0.04923077 0.12602740
1 0.90666667 0.70136986 0.07111111 0.14794521
1 0.05333333 0.85479452 0.07111111 0.10410959
1 0.21743590 0.89863014 0.12581197 0.15890411
1 0.36512821 0.93150685 0.10940171 0.13698630
1 0.63863248 0.28493151 0.06017094 0.09863014
1 0.13538462 0.13698630 0.06017094 0.07671233
