1 0.62974359 0.79178082 0.08752137 0.08219178
1 0.54769231 0.78082192 0.14222222 0.07671233
1 0.96341880 0.81917808 0.06564103 0.09863014
1 0.18119658 0.75342466 0.08752137 0.07123288
1 0.19213675 0.41369863 0.09299145 0.08767123
1 0.04136752 0.74246575 0.08273504 0.08219178
1 0.48752137 0.42465753 0.09846154 0.07671233
1 0.77196581 0.80821918 0.09299145 0.09863014
1 0.33982906 0.76986301 0.08752137 0.09315068
1 0.09470085 0.05753425 0.18940171 0.11506849
1 0.72820513 0.46301370 0.13128205 0.10958904
1 0.75008547 0.12876712 0.45948718 0.13150685
1 0.93606838 0.46849315 0.11487179 0.13150685
