1 0.23829060 0.16712329 0.10940171 0.12602740
1 0.41333333 0.18356164 0.14769231 0.14246575
1 0.03435897 0.51232877 0.06871795 0.11506849
1 0.82905983 0.89041096 0.10940171 0.10958904
1 0.52820513 0.87397260 0.08205128 0.11506849
1 0.74700855 0.21095890 0.20786325 0.13150685
1 0.96786325 0.90136986 0.06427350 0.10410959
1 0.16170940 0.50684932 0.11487179 0.13698630
1 0.22188034 0.83561644 0.15316239 0.14246575
1 0.47897436 0.53424658 0.10940171 0.13150685
1 0.08512821 0.15616438 0.14769231 0.12602740
1 0.69777778 0.55068493 0.15316239 0.14246575
1 0.29299145 0.52876712 0.12581197 0.12054795
1 0.56102564 0.21095890 0.06564103 0.14246575
