1 0.68581197 0.71780822 0.06564103 0.08219178
1 0.14427350 0.70684932 0.07658120 0.08219178
1 0.29743590 0.35616438 0.10393162 0.10958904
1 0.01743590 0.35616438 0.03487179 0.10958904
1 0.82256410 0.35616438 0.07111111 0.08219178
1 0.57641026 0.02876712 0.09299145 0.05753425
1 0.34666667 0.71780822 0.08205128 0.12602740
1 0.42871795 0.37260274 0.09846154 0.12054795
1 0.56547009 0.72328767 0.08205128 0.11506849
1 0.02837607 0.70684932 0.05675214 0.11506849
1 0.20444444 0.02739726 0.09299145 0.05479452
1 0.07863248 0.34520548 0.04923077 0.08767123
