1 0.63316239 0.08219178 0.09299145 0.07671233
1 0.92854701 0.75616438 0.05470085 0.07123288
1 0.27760684 0.81095890 0.07658120 0.08219178
1 0.14632479 0.81095890 0.13128205 0.08219178
1 0.93948718 0.40547945 0.06017094 0.07671233
1 0.39794872 0.08767123 0.04376068 0.05479452
1 0.50188034 0.08767123 0.08205128 0.08219178
1 0.96564103 0.04931507 0.06871795 0.07671233
1 0.02529915 0.47123288 0.05059829 0.08219178
1 0.38153846 0.44383562 0.22974359 0.11506849
1 0.83008547 0.42191781 0.06564103 0.08219178
1 0.27213675 0.09315068 0.12581197 0.10958904
1 0.75350427 0.77260274 0.09846154 0.09863014
1 0.55111111 0.78356164 0.08205128 0.09863014
1 0.12444444 0.46027397 0.03829060 0.07123288
1 0.19008547 0.46575342 0.06564103 0.08767123
