1 0.17521592 0.32648679 0.19316316 0.17808482
1 0.43077131 0.41552570 0.11624238 0.12328679
1 0.67692341 0.50228515 0.10940171 0.12785271
1 0.81281958 0.52625797 0.11795080 0.14383693
1 0.02478687 0.98630312 0.04957374 0.02739375
1 0.05470168 0.67808351 0.10940335 0.11415496
1 0.21111368 0.72717238 0.10769329 0.13013918
1 0.51880380 0.81621129 0.13504197 0.13013918
1 0.74701052 0.86872285 0.18461407 0.16210060
1 0.93333301 0.92807978 0.09914421 0.13013918
1 0.14957566 0.00000132 0.11111013 0.00000263
1 0.35812157 0.02739858 0.09401895 0.05479715
1 0.47008591 0.04337929 0.12307605 0.08675858
1 0.86923236 0.15182466 0.09401895 0.11187551
1 0.63760881 0.08675858 0.11624238 0.12328679
