1 0.844444 0.396119 0.082051 0.089041
1 0.828205 0.762557 0.080342 0.109589
1 0.949573 0.396119 0.100855 0.121005
1 0.039316 0.652968 0.075214 0.168950
1 0.800855 0.243151 0.066667 0.093607
1 0.947009 0.735160 0.105983 0.223744
1 0.670085 0.740868 0.201709 0.148402
1 0.510256 0.714612 0.114530 0.164384
1 0.347009 0.347032 0.071795 0.118721
1 0.210256 0.231735 0.082051 0.130137
1 0.188034 0.687215 0.109402 0.136986
1 0.352137 0.995434 0.164103 0.009132
1 0.658974 0.374429 0.179487 0.136986
1 0.959829 0.263699 0.070085 0.093607
