1 0.15521368 0.30958904 0.04923077 0.07123288
1 0.16615385 0.70410959 0.08752137 0.09863014
1 0.03487179 0.68767123 0.06564103 0.09315068
1 0.92102564 0.02191781 0.05470085 0.04383562
1 0.79521368 0.70410959 0.09299145 0.14246575
1 0.05128205 0.31506849 0.04376068 0.06027397
1 0.42324786 0.72602740 0.07658120 0.10410959
1 0.24273504 0.30958904 0.07111111 0.08219178
1 0.29196581 0.70958904 0.10393162 0.10958904
1 0.54905983 0.32602740 0.09846154 0.12602740
1 0.96871795 0.75342466 0.06256410 0.09863014
1 0.80068376 0.35342466 0.09299145 0.13150685
1 0.39042735 0.32602740 0.09846154 0.12054795
