1 0.41333333 0.91232877 0.04376068 0.06027397
1 0.13982906 0.15068493 0.04923077 0.07671233
1 0.67589744 0.13424658 0.05470085 0.07123288
1 0.83452991 0.47945205 0.08205128 0.08767123
1 0.75794872 0.89589041 0.04923077 0.06575342
1 0.71418803 0.49041096 0.12034188 0.09863014
1 0.03025641 0.53424658 0.06051282 0.08767123
1 0.91111111 0.11780822 0.08205128 0.10958904
1 0.81811966 0.11780822 0.10940171 0.10958904
1 0.96581197 0.47397260 0.06564103 0.09863014
1 0.18905983 0.91780822 0.09299145 0.09863014
1 0.96376068 0.87945205 0.07247863 0.10958904
1 0.34222222 0.15616438 0.16957265 0.10410959
1 0.37504274 0.49589041 0.08752137 0.13150685
