1 0.36957265 0.38082192 0.07658120 0.08767123
1 0.27658120 0.38082192 0.07658120 0.10410959
1 0.62119658 0.39726027 0.07658120 0.10410959
1 0.40239316 0.06301370 0.09846154 0.09863014
1 0.61025641 0.75342466 0.06564103 0.09315068
1 0.23829060 0.04657534 0.06564103 0.08219178
1 0.04393162 0.03698630 0.08786325 0.07397260
1 0.83452991 0.41917808 0.09299145 0.10410959
1 0.95692308 0.43013699 0.08615385 0.12054795
1 0.53914530 0.07397260 0.07658120 0.10410959
1 0.29299145 0.73698630 0.09846154 0.10410959
1 0.05213675 0.36438356 0.10427350 0.10958904
