1 0.02735043 0.03698630 0.05470085 0.07397260
1 0.02735043 0.75342466 0.04923077 0.07123288
1 0.13128205 0.78082192 0.08752137 0.09863014
1 0.13675214 0.04657534 0.13675214 0.09315068
1 0.24615385 0.81369863 0.08205128 0.09863014
1 0.38290598 0.48493151 0.12034188 0.13150685
1 0.70017094 0.54520548 0.15316239 0.10410959
1 0.56341880 0.90136986 0.09846154 0.12054795
1 0.06564103 0.39178082 0.13128205 0.14246575
1 0.76034188 0.92328767 0.12034188 0.13698630
1 0.79863248 0.20000000 0.12034188 0.14246575
1 0.34461538 0.09589041 0.13675214 0.16438356
