1 0.24615385 0.55890411 0.09846154 0.14246575
1 0.46495726 0.18630137 0.29538462 0.09863014
1 0.33914530 0.93013699 0.59076923 0.13972603
1 0.07111111 0.56986301 0.13675214 0.10410959
1 0.87521368 0.93150685 0.09299145 0.11506849
1 0.55247863 0.57534247 0.09846154 0.12602740
1 0.73846154 0.93150685 0.12581197 0.12054795
1 0.68376068 0.57534247 0.09846154 0.12054795
1 0.92444444 0.56986301 0.11487179 0.12602740
1 0.90256410 0.18630137 0.16957265 0.10410959
1 0.38290598 0.56986301 0.12034188 0.14246575
