1 0.21538462 0.46301370 0.07658120 0.12054795
1 0.65299145 0.58904110 0.08205128 0.10958904
1 0.77880342 0.62191781 0.08752137 0.10958904
1 0.90461538 0.29315068 0.09846154 0.12054795
1 0.06940171 0.42465753 0.13880342 0.14246575
1 0.24273504 0.85205479 0.12034188 0.12602740
1 0.99880342 0.02328767 0.00239316 0.04657534
1 0.45606838 0.90136986 0.09846154 0.13150685
1 0.05982906 0.06438356 0.11965812 0.12876712
1 0.44512821 0.53972603 0.14222222 0.15342466
1 0.29196581 0.12328767 0.16410256 0.18630137
1 0.71316239 0.24931507 0.14222222 0.12602740
1 0.72957265 0.97123288 0.14222222 0.05753425
