1 0.050427 0.673516 0.097436 0.109589
1 0.069231 0.339041 0.114530 0.143836
1 0.929915 0.333333 0.140171 0.164384
1 0.633333 0.339041 0.104274 0.148402
1 0.931624 0.666667 0.136752 0.141553
1 0.463248 0.033105 0.464957 0.061644
1 0.633333 0.678082 0.370940 0.114155
1 0.786325 0.327626 0.099145 0.143836
1 0.256410 0.337900 0.208547 0.109589
1 0.425641 0.333333 0.082051 0.105023
1 0.501709 0.333333 0.049573 0.059361
1 0.277778 0.662100 0.271795 0.127854
1 0.049573 0.034247 0.095726 0.063927
1 0.944444 0.033105 0.111111 0.061644
