1 0.66940171 0.60821918 0.10940171 0.09315068
1 0.94290598 0.94794521 0.09299145 0.08219178
1 0.29743590 0.26849315 0.09299145 0.13698630
1 0.74051282 0.26301370 0.10393162 0.10410959
1 0.98102564 0.60821918 0.03794872 0.10958904
1 0.14427350 0.95068493 0.28444444 0.09863014
1 0.11692308 0.26849315 0.21333333 0.10958904
1 0.82256410 0.60273973 0.14222222 0.10410959
1 0.42324786 0.94931507 0.18051282 0.10136986
1 0.48888889 0.25753425 0.19145299 0.10958904
1 0.70222222 0.94794521 0.08205128 0.10410959
1 0.33572650 0.61369863 0.48136752 0.11506849
