0 0.03760585 0.95433688 0.07521171 0.09132625
0 0.56666519 0.03538937 0.08034462 0.07077874
0 0.11965889 0.39383671 0.23931777 0.44520855
0 0.29487283 0.45091419 0.11795080 0.13927101
0 0.48547337 0.40411178 0.06495486 0.11872088
0 0.38205112 0.05593775 0.11795080 0.11187551
0 0.43418585 0.26369753 0.08205303 0.08447299
0 0.56837361 0.32191825 0.07008711 0.07762762
0 0.24786336 0.85159978 0.19828841 0.15068230
0 0.40683717 0.89041359 0.08205303 0.13698455
0 0.42221992 0.74315397 0.11281854 0.08903890
0 0.44444335 0.61872395 0.07179553 0.08219353
