1 0.32923077 0.10958904 0.08752137 0.09863014
1 0.56444444 0.47123288 0.12034188 0.11506849
1 0.96957265 0.51506849 0.06085470 0.13698630
1 0.29641026 0.46027397 0.15863248 0.13698630
1 0.26905983 0.78356164 0.17504274 0.12602740
1 0.04153846 0.42191781 0.08307692 0.14246575
1 0.80512821 0.15890411 0.27350427 0.13150685
1 0.95726496 0.86027397 0.08547009 0.15890411
1 0.67384615 0.81643836 0.17504274 0.15890411
1 0.46598291 0.14246575 0.09299145 0.10410959
1 0.46598291 0.82739726 0.09299145 0.13150685
1 0.11042735 0.79452055 0.12581197 0.12602740
1 0.08803419 0.09315068 0.17606838 0.10958904
1 0.69025641 0.49863014 0.07658120 0.10958904
1 0.79418803 0.49315068 0.07111111 0.08219178
