0 0.23846192 0.84018060 0.06666328 0.06849578
0 0.10171154 0.52283178 0.06666328 0.08219353
0 0.02735103 0.02283090 0.05470206 0.04566181
0 0.22393337 0.04794827 0.05469735 0.08219353
0 0.18461878 0.28881271 0.05469735 0.04794564
0 0.37949035 0.26826258 0.08888670 0.10273666
0 0.50256640 0.19064197 0.07179553 0.11644142
0 0.54786046 0.05707879 0.09401895 0.11415759
0 0.47435651 0.60388208 0.06324644 0.06620932
0 0.51196269 0.66210279 0.05298894 0.07306170
0 0.68632626 0.46575430 0.04957210 0.09589129
0 0.67094351 0.85159890 0.04957210 0.05479101
0 0.94529849 0.83561468 0.04444685 0.05479101
0 0.97692379 0.73287803 0.04615242 0.08219353
0 0.95982911 0.07990970 0.08034177 0.15981414
0 0.17093744 0.73173479 0.03077251 0.04337973
