1 0.99504274 0.08219178 0.00991453 0.08219178
1 0.80410256 0.48219178 0.04923077 0.06575342
1 0.06564103 0.08219178 0.06564103 0.06575342
1 0.67829060 0.47671233 0.17504274 0.10958904
1 0.25162393 0.88767123 0.12034188 0.09863014
1 0.85333333 0.08767123 0.20239316 0.09863014
1 0.80957265 0.86027397 0.31179487 0.15890411
1 0.92991453 0.47671233 0.06564103 0.08219178
1 0.38837607 0.47123288 0.24068376 0.12054795
1 0.66188034 0.09863014 0.09846154 0.09863014
1 0.36102564 0.09315068 0.13675214 0.08219178
1 0.47042735 0.89315068 0.17504274 0.08219178
