1 0.18461538 0.04109589 0.08752137 0.08219178
1 0.49094017 0.86301370 0.10940171 0.15342466
1 0.01162393 0.01917808 0.02324786 0.03835616
1 0.41435897 0.11780822 0.11487179 0.10958904
1 0.50735043 0.13972603 0.04923077 0.07671233
1 0.56205128 0.16164384 0.04923077 0.07123288
1 0.70974359 0.17808219 0.08752137 0.10410959
1 0.81914530 0.22191781 0.07111111 0.08767123
1 0.97794872 0.26575342 0.04410256 0.09863014
1 0.02256410 0.35890411 0.04512821 0.08219178
1 0.10803419 0.39178082 0.04923077 0.06575342
1 0.20649573 0.40821918 0.09299145 0.07671233
1 0.29948718 0.44109589 0.06017094 0.09315068
1 0.40341880 0.46301370 0.07111111 0.10958904
1 0.24478632 0.79726027 0.07658120 0.09315068
1 0.60581197 0.54520548 0.06017094 0.08219178
1 0.75897436 0.56164384 0.06564103 0.08767123
1 0.85196581 0.58904110 0.07111111 0.09863014
1 0.97111111 0.63835616 0.05777778 0.09315068
1 0.69333333 0.93424658 0.07111111 0.08767123
1 0.03145299 0.72054795 0.04923077 0.08219178
