0 0.310256 0.398402 0.039316 0.038813
0 0.450427 0.507991 0.070085 0.084475
0 0.011966 0.245434 0.020513 0.043379
0 0.026496 0.163242 0.049573 0.075342
0 0.064103 0.414384 0.059829 0.070776
0 0.115385 0.521689 0.063248 0.079909
0 0.278632 0.511416 0.164103 0.150685
0 0.332479 0.683790 0.083761 0.180365
0 0.235043 0.760274 0.073504 0.059361
0 0.217949 0.116438 0.025641 0.045662
0 0.173504 0.081050 0.039316 0.066210
0 0.320513 0.044521 0.035897 0.043379
0 0.490598 0.348174 0.037607 0.043379
0 0.516239 0.402968 0.044444 0.057078
0 0.516239 0.592466 0.044444 0.057078
0 0.316239 0.845890 0.085470 0.066210
0 0.359829 0.916667 0.035897 0.047945
0 0.186325 0.317352 0.034188 0.045662
0 0.112821 0.618721 0.037607 0.063927
