0 0.90803419 0.73424658 0.08205128 0.07671233
0 0.42666667 0.46575342 0.11487179 0.14246575
0 0.90256410 0.85479452 0.07111111 0.10958904
0 0.66188034 0.78356164 0.12034188 0.11506849
1 0.66188034 0.04657534 0.19692308 0.09315068
0 0.85880342 0.43835616 0.10393162 0.13698630
0 0.12034188 0.35068493 0.12034188 0.19178082
0 0.14769231 0.60273973 0.08752137 0.10958904
0 0.28444444 0.62465753 0.13675214 0.10410959
0 0.55247863 0.35616438 0.13675214 0.18630137
0 0.09299145 0.84383562 0.15316239 0.20273973
0 0.10940171 0.05205479 0.18598291 0.10410959
0 0.34461538 0.03424658 0.27350427 0.06849315
0 0.35008547 0.78356164 0.06564103 0.09315068
1 0.95811966 0.07671233 0.08376068 0.14794521
0 0.62905983 0.59726027 0.09299145 0.15890411
