1 0.36307692 0.53424658 0.07658120 0.12054795
1 0.03111111 0.95068493 0.06222222 0.09863014
1 0.98102564 0.95068493 0.03794872 0.09863014
1 0.24273504 0.49041096 0.14222222 0.12054795
1 0.86632479 0.24383562 0.09846154 0.12054795
1 0.18256410 0.09589041 0.12034188 0.15342466
1 0.07316239 0.50684932 0.10393162 0.10958904
1 0.52717949 0.52328767 0.12581197 0.15342466
1 0.26461538 0.92739726 0.10393162 0.14520548
1 0.34666667 0.09589041 0.12581197 0.16438356
1 0.05162393 0.07397260 0.10324786 0.13150685
