1 0.81811966 0.19452055 0.08205128 0.08767123
1 0.33128205 0.88493151 0.04923077 0.06575342
1 0.10153846 0.86301370 0.04923077 0.06575342
1 0.02615385 0.10136986 0.05230769 0.11506849
1 0.44068376 0.90136986 0.06017094 0.08219178
1 0.10700855 0.46849315 0.06564103 0.09315068
1 0.97880342 0.58904110 0.04239316 0.10958904
1 0.56649573 0.16164384 0.06564103 0.09315068
1 0.64854701 0.56164384 0.07111111 0.12054795
1 0.85641026 0.59452055 0.09299145 0.12054795
1 0.70324786 0.18904110 0.12581197 0.13150685
1 0.44615385 0.16164384 0.09846154 0.12054795
1 0.60478632 0.93972603 0.13675214 0.11506849
