0 0.20205128 0.39452055 0.03829060 0.04931507
0 0.76547009 0.56986301 0.03829060 0.04931507
0 0.13641026 0.20273973 0.04923077 0.06027397
0 0.88581197 0.58630137 0.05470085 0.06027397
0 0.31145299 0.59726027 0.04923077 0.05479452
0 0.77094017 0.32876712 0.04376068 0.06027397
0 0.22940171 0.19726027 0.04376068 0.05479452
0 0.02717949 0.74520548 0.05435897 0.07123288
1 0.14188034 0.75616438 0.04376068 0.05479452
0 0.85299145 0.68493151 0.07658120 0.09315068
0 0.40991453 0.19178082 0.03829060 0.05479452
1 0.34974359 0.74520548 0.08752137 0.09863014
0 0.56307692 0.46575342 0.06017094 0.06575342
0 0.62871795 0.20821918 0.06017094 0.07123288
0 0.67794872 0.32876712 0.07658120 0.09863014
0 0.04888889 0.19178082 0.06564103 0.08219178
0 0.36068376 0.46027397 0.06564103 0.07671233
0 0.54666667 0.56986301 0.05470085 0.07123288
0 0.98529915 0.60821918 0.02940171 0.07123288
1 0.48649573 0.73972603 0.08205128 0.10410959
0 0.93504274 0.36712329 0.07111111 0.08767123
0 0.47555556 0.34520548 0.06017094 0.09315068
0 0.97299145 0.14794521 0.05401709 0.10958904
