1 0.34119658 0.35890411 0.07658120 0.09863014
1 0.64205128 0.02191781 0.07658120 0.04383562
1 0.57094017 0.71506849 0.07658120 0.10410959
1 0.72957265 0.33698630 0.09846154 0.13698630
1 0.52170940 0.35342466 0.15316239 0.11506849
1 0.19350427 0.74794521 0.06564103 0.13150685
1 0.31931624 0.73150685 0.12034188 0.10958904
1 0.74051282 0.70958904 0.09846154 0.08767123
1 0.87179487 0.70410959 0.05470085 0.09315068
1 0.72957265 0.01643836 0.04376068 0.03287671
1 0.04581197 0.38630137 0.04376068 0.08767123
