1 0.590598 0.793379 0.080342 0.089041
1 0.064103 0.464612 0.124786 0.125571
1 0.914530 0.448630 0.099145 0.093607
1 0.761538 0.097032 0.087179 0.098174
1 0.378632 0.809361 0.080342 0.102740
1 0.859829 0.799087 0.071795 0.100457
1 0.158974 0.134703 0.229060 0.100457
1 0.176068 0.815068 0.201709 0.136986
1 0.684615 0.804795 0.059829 0.098174
1 0.159829 0.470320 0.052991 0.132420
1 0.341880 0.466895 0.242735 0.102740
1 0.542735 0.464612 0.131624 0.066210
1 0.777778 0.464612 0.037607 0.070776
1 0.400000 0.118721 0.037607 0.073059
1 0.902564 0.118721 0.037607 0.073059
1 0.637607 0.123288 0.037607 0.073059
