1 0.76444444 0.35068493 0.07111111 0.11506849
1 0.04991453 0.88767123 0.09982906 0.13698630
1 0.66051282 0.30684932 0.08205128 0.13698630
1 0.41435897 0.63013699 0.10393162 0.15342466
1 0.03213675 0.52602740 0.06427350 0.14794521
1 0.25025641 0.95342466 0.11487179 0.09315068
1 0.48000000 0.27397260 0.21333333 0.15890411
1 0.83008547 0.70684932 0.12034188 0.12602740
1 0.83008547 0.03561644 0.07658120 0.07123288
1 0.95042735 0.04931507 0.05470085 0.09315068
1 0.99846154 0.40547945 0.00307692 0.10410959
