1 0.90564103 0.49589041 0.16410256 0.10410959
1 0.03982906 0.41369863 0.07965812 0.09315068
1 0.68136752 0.48493151 0.10940171 0.09863014
1 0.47350427 0.45753425 0.08752137 0.10958904
1 0.62119658 0.84109589 0.08205128 0.12054795
1 0.04256410 0.79178082 0.08512821 0.11506849
1 0.26564103 0.43561644 0.26256410 0.10410959
1 0.28752137 0.09589041 0.45948718 0.11506849
1 0.36410256 0.81917808 0.19145299 0.12602740
1 0.74700855 0.15068493 0.42666667 0.17534247
1 0.73606838 0.84657534 0.05470085 0.10410959
1 0.89811966 0.87945205 0.20376068 0.12054795
