1 0.13077093 0.98059441 0.25811802 0.03881118
1 0.07094132 0.67237523 0.11111013 0.14383693
1 0.17179394 0.70205721 0.05298894 0.10273666
1 0.60769236 0.81164625 0.20683750 0.13927101
1 0.85812250 0.86758049 0.23247776 0.11872088
1 0.65726446 0.47260405 0.21025433 0.10958904
1 0.94786434 0.55365436 0.10427132 0.07990707
1 0.57008618 0.07191847 0.29230736 0.13927101
1 0.88461615 0.15867792 0.23076770 0.13927101
1 0.12051342 0.32077852 0.18290565 0.15296877
1 0.38547211 0.74087101 0.15555698 0.13470510
1 0.45812185 0.42123573 0.10940171 0.06164340
