1 0.03059829 0.46027397 0.06119658 0.06027397
1 0.98735043 0.75616438 0.02529915 0.08219178
1 0.59179487 0.77808219 0.09299145 0.07123288
1 0.23076923 0.81095890 0.15863248 0.07123288
1 0.02837607 0.82739726 0.05470085 0.07671233
1 0.48786325 0.09315068 0.08205128 0.06027397
1 0.86529915 0.40000000 0.05470085 0.07671233
1 0.94188034 0.38904110 0.05470085 0.06575342
1 0.79418803 0.77260274 0.04923077 0.07671233
1 0.91452991 0.75068493 0.05470085 0.06027397
1 0.24717949 0.44931507 0.04376068 0.06575342
1 0.55897436 0.42739726 0.06564103 0.09315068
