1 0.38153846 0.10410959 0.20239316 0.16438356
1 0.83555556 0.13150685 0.09299145 0.12602740
1 0.24478632 0.81643836 0.07658120 0.09863014
1 0.83008547 0.83287671 0.09299145 0.10958904
1 0.94495726 0.84931507 0.07111111 0.08219178
1 0.95196581 0.13150685 0.09606838 0.15890411
1 0.72068376 0.83835616 0.10940171 0.13698630
1 0.12239316 0.09863014 0.24478632 0.14246575
1 0.62222222 0.12054795 0.26803419 0.16438356
1 0.35965812 0.82739726 0.12581197 0.11506849
1 0.12991453 0.81643836 0.12034188 0.13150685
1 0.02256410 0.81095890 0.04512821 0.10958904
1 0.55111111 0.83835616 0.19692308 0.13150685
